Time, 0, 0.25, 0.5, 0.75, 1, 1.25, 1.5, 1.75, 2, 2.25, 2.5, 2.75, 3, 3.25, 3.5, 3.75, 4, 4.25, 4.5, 4.75, 5, 5.25, 5.5, 5.75, 6, 6.25, 6.5, 6.75, 7, 7.25, 7.5, 7.75, 8, 8.25, 8.5, 8.75, 9, 9.25, 9.5, 9.75, 10, 10.3, 10.5, 10.8, 11, 11.3, 11.5, 11.8, 12, 12.3, 12.5, 12.8, 13, 13.3, 13.5, 13.8, 14, 14.3, 14.5, 14.8, 15, 15.3, 15.5, 15.8, 16, 16.3, 16.5, 16.8, 17, 17.3, 17.5, 17.8, 18, 18.3, 18.5, 18.8, 19, 19.3, 19.5, 19.8, 20, 20.3, 20.5, 20.8, 21, 21.3, 21.5, 21.8, 22, 22.3, 22.5, 22.8, 23, 23.3, 23.5, 23.8, 24, 24.3, 24.5, 24.8, 25, 25.3, 25.5, 25.8, 26, 26.3, 26.5, 26.8, 27, 27.3, 27.5, 27.8, 28, 28.3, 28.5, 28.8, 29, 29.3, 29.5, 29.8, 30, 30.3, 30.5, 30.8, 31, 31.3, 31.5, 31.8, 32, 32.3, 32.5, 32.8, 33, 33.3, 33.5, 33.8, 34, 34.3, 34.5, 34.8, 35, 35.3, 35.5, 35.8, 36, 36.3, 36.5, 36.8, 37, 37.3, 37.5, 37.8, 38, 38.3, 38.5, 38.8, 39, 39.3, 39.5, 39.8, 40, 40.3, 40.5, 40.8, 41, 41.3, 41.5, 41.8, 42, 42.3, 42.5, 42.8, 43, 43.3, 43.5, 43.8, 44, 44.3, 44.5, 44.8, 45, 45.3, 45.5, 45.8, 46, 46.3, 46.5, 46.8, 47, 47.3, 47.5, 47.8, 48, 48.3, 48.5, 48.8, 49, 49.3, 49.5, 49.8, 50, 50.3, 50.5, 50.8, 51, 51.3, 51.5, 51.8, 52, 52.3, 52.5, 52.8, 53, 53.3, 53.5, 53.8, 54, 54.3, 54.5, 54.8, 55, 55.3, 55.5, 55.8, 56, 56.3, 56.5, 56.8, 57, 57.3, 57.5, 57.8, 58, 58.3, 58.5, 58.8, 59, 59.3, 59.5, 59.8, 60, 60.3, 60.5, 60.8, 61, 61.3, 61.5, 61.8, 62, 62.3, 62.5, 62.8, 63, 63.3, 63.5, 63.8, 64, 64.3, 64.5, 64.8, 65, 65.3, 65.5, 65.8, 66, 66.3, 66.5, 66.8, 67, 67.3, 67.5, 67.8, 68, 68.3, 68.5, 68.8, 69, 69.3, 69.5, 69.8, 70, 70.3, 70.5, 70.8, 71, 71.3, 71.5, 71.8, 72, 72.3, 72.5, 72.8, 73, 73.3, 73.5, 73.8, 74, 74.3, 74.5, 74.8, 75, 75.3, 75.5, 75.8, 76, 76.3, 76.5, 76.8, 77, 77.3, 77.5, 77.8, 78, 78.3, 78.5, 78.8, 79, 79.3, 79.5, 79.8, 80, 80.3, 80.5, 80.8, 81, 81.3, 81.5, 81.8, 82, 82.3, 82.5, 82.8, 83, 83.3, 83.5, 83.8, 84, 84.3, 84.5, 84.8, 85, 85.3, 85.5, 85.8, 86, 86.3, 86.5, 86.8, 87, 87.3, 87.5, 87.8, 88, 88.3, 88.5, 88.8, 89, 89.3, 89.5, 89.8, 90, 90.3, 90.5, 90.8, 91, 91.3, 91.5, 91.8, 92, 92.3, 92.5, 92.8, 93, 93.3, 93.5, 93.8, 94, 94.3, 94.5, 94.8, 95, 95.3, 95.5, 95.8, 96, 96.3, 96.5, 96.8, 97, 97.3, 97.5, 97.8, 98, 98.3, 98.5, 98.8, 99, 99.3, 99.5, 99.8, 100, 100, 101, 101, 101, 101, 102, 102, 102, 102, 103, 103, 103, 103, 104, 104, 104, 104, 105, 105, 105, 105, 106, 106, 106, 106, 107, 107, 107, 107, 108, 108, 108, 108, 109, 109, 109, 109, 110, 110, 110, 110, 111, 111, 111, 111, 112, 112, 112, 112, 113, 113, 113, 113, 114, 114, 114, 114, 115, 115, 115, 115, 116, 116, 116, 116, 117, 117, 117, 117, 118, 118, 118, 118, 119, 119, 119, 119, 120, 120, 120, 120, 121, 121, 121, 121, 122, 122, 122, 122, 123, 123, 123, 123, 124, 124, 124, 124, 125, 125, 125, 125, 126, 126, 126, 126, 127, 127, 127, 127, 128, 128
13:43:58, 0.05, 32, 88.8, 75.1, 23.2, 12.1, 11, 16.1, 31.3, 8.93, 0.735, 2.24, 0.189, 3.94, 0.323, 0.417, 5.25, 5.28, 0.907, 5.49, 13.6, 8.41, 6.02, 8.08, 0.573, 1.3, 2.54, 3.83, 0.519, 4.27, 11.4, 8.74, 2.1, 2.41, 2.28, 0.245, 0.368, 2.09, 1.45, 0.901, 6.67, 5.5, 1.92, 1.55, 0.198, 1.29, 2.43, 0.862, 0.954, 2.83, 2.41, 0.392, 1.05, 1.62, 1.45, 0.566, 0.449, 0.677, 1.01, 0.0344, 0.281, 0.277, 0.833, 0.932, 0.237, 0.933, 1.17, 0.944, 0.493, 0.217, 0.49, 1.14, 1.64, 0.913, 0.0139, 0.286, 0.552, 0.194, 0.206, 1.41, 0.453, 0.142, 0.352, 0.569, 0.519, 0.318, 0.63, 0.699, 0.188, 0.133, 0.291, 0.109, 1.27, 0.44, 0.725, 0.865, 0.314, 0.412, 0.453, 20.2, 26, 1.2, 0.192, 0.613, 0.131, 0.231, 0.122, 0.183, 0.0142, 0.288, 0.163, 0.00548, 0.0599, 0.0881, 0.121, 0.428, 0.15, 0.0856, 0.132, 0.0611, 0.0445, 0.187, 0.0388, 0.106, 0.222, 0.0368, 0.038, 0.0054, 0.005, 0.0252, 0.0523, 0.0139, 0.0138, 0.00884, 0.0112, 0.00288, 0.003, 0.00357, 0.000966, 0.00554, 0.0033, 0.00172, 0.00445, 0.00362, 0.000265, 0.000807, 0.00204, 0.000911, 0.00405, 0.0147, 0.00374, 0.000142, 6.83e-005, 0.000182, 0.00134, 0.00165, 0.000359, 0.00024, 0.000152, 1.15e-005, 0.000243, 0.000254, 3.82e-005, 5.54e-005, 0.000139, 3.42e-005, 6.97e-005, 8.08e-005, 3.64e-006, 6.32e-006, 2.54e-005, 4.09e-007, 3.4e-005, 2.04e-005, 8.28e-006, 2.05e-009, 1.97e-006, 1.14e-007, 5.88e-006, 9.21e-006, 2.32e-006, 4.1e-006, 7.25e-007, 1.15e-006, 1.18e-007, 3.68e-007, 3.39e-007, 2.44e-007, 4.63e-007, 1.44e-007, 7.41e-007, 1.3e-006, 6.99e-007, 6.56e-007, 6.14e-007, 5.76e-008, 9.84e-008, 1.95e-007, 7.59e-008, 9.18e-007, 4.38e-007, 1.09e-007, 4.77e-008, 3.17e-009, 4.42e-009, 1.01e-008, 1.79e-008, 7.59e-009, 7.34e-009, 1.32e-008, 4.94e-009, 2.58e-009, 4.09e-009, 4.35e-009, 3.84e-010, 7.01e-011, 3.77e-011, 5.99e-011, 1.84e-010, 1.76e-010, 2.35e-010, 1.28e-010, 1.02e-010, 3.05e-010, 1.13e-010, 1.89e-011, 1.41e-011, 4.13e-011, 4.13e-011, 7.41e-012, 1.28e-011, 7.28e-012, 1.23e-012, 6.19e-013, 1.33e-012, 8.17e-013, 2.42e-013, 1.04e-013, 2.45e-013, 1.7e-013, 3.23e-013, 2.31e-014, 5.76e-014, 3.07e-014, 2.06e-014, 1.75e-014, 1.44e-014, 1.76e-014, 1.92e-014, 1.32e-014, 1.65e-014, 1.43e-014, 1.42e-014, 1.38e-014, 1.36e-014, 1.34e-014
13:43:58, 11, 34.7, 24, 19.9, 15.3, 15.8, 13.2, 16.8, 6.67, 12.8, 3.87, 4.02, 1.79, 1.67, 0.108, 0.502, 7.16, 2.89, 0.13, 2.96, 12.8, 5, 2.13, 4.97, 0.531, 0.693, 1.73, 3.34, 1.09, 3.86, 10.2, 8.52, 2.37, 2.28, 1.44, 0.0494, 0.417, 1.22, 0.935, 0.699, 4.38, 3.16, 0.836, 1.31, 0.725, 0.863, 0.975, 0.14, 0.486, 2.35, 2.06, 0.0803, 1.28, 1.57, 0.865, 0.0419, 0.693, 1.16, 1.43, 0.29, 0.71, 0.00539, 0.326, 0.363, 0.61, 1.14, 2.12, 1.15, 0.258, 0.415, 0.398, 1.02, 0.759, 1.21, 0.365, 0.438, 0.66, 0.804, 1.09, 2.24, 0.53, 0.156, 0.493, 1.05, 0.902, 0.152, 0.766, 1.05, 0.226, 0.0537, 0.256, 0.536, 1.4, 0.0284, 0.826, 0.48, 0.0506, 0.31, 1.29, 22.1, 26.7, 2.48, 0.0198, 0.578, 0.536, 0.173, 0.0283, 0.2, 0.0882, 0.151, 0.179, 0.00152, 0.0881, 0.0627, 0.0695, 0.396, 0.0526, 0.0192, 0.132, 0.0557, 0.0231, 0.115, 0.0531, 0.0999, 0.269, 0.139, 0.0419, 0.00987, 0.00222, 0.0165, 0.0189, 0.00572, 0.00695, 0.0239, 0.0151, 0.000782, 0.00551, 0.00297, 0.0011, 0.00746, 0.0019, 0.00112, 0.00201, 0.00315, 7.63e-005, 0.000246, 0.00143, 0.00194, 0.00495, 0.0112, 0.00477, 0.000458, 0.000229, 0.000189, 0.000971, 0.00218, 0.000861, 0.00031, 0.000126, 4.51e-005, 0.000293, 0.000535, 0.000142, 0.000152, 0.000151, 5.95e-005, 4.49e-005, 4.72e-005, 1.02e-005, 2.44e-005, 3.97e-005, 1.67e-005, 3e-005, 6.44e-006, 9.6e-006, 1.16e-006, 8.44e-007, 5.8e-007, 8.94e-006, 6.96e-006, 1.07e-006, 2.71e-006, 2.8e-007, 5.63e-007, 5.39e-007, 8.64e-007, 1.48e-006, 1.81e-006, 1.22e-006, 5.66e-009, 1.06e-006, 5.92e-007, 3.78e-007, 1.89e-007, 3.88e-007, 2.4e-008, 2.03e-008, 2.67e-007, 4.89e-007, 1.19e-006, 1.87e-007, 1.17e-007, 4.69e-008, 2.59e-009, 2.96e-009, 2.2e-009, 1.25e-008, 1.02e-008, 1.36e-009, 1.28e-008, 6.81e-009, 1.56e-009, 1.55e-009, 4.99e-009, 4.38e-010, 1.01e-010, 3.71e-011, 8.24e-011, 4.08e-010, 6.38e-010, 5.18e-010, 1.1e-010, 1.93e-011, 1.09e-010, 6.05e-011, 9.54e-012, 2.97e-011, 5.04e-011, 2.34e-011, 4.31e-012, 1.4e-011, 9.44e-012, 2.06e-013, 3.58e-012, 6.78e-014, 1.06e-012, 7.05e-013, 1.26e-013, 2.3e-013, 1.55e-013, 5.68e-014, 1.11e-013, 1.62e-015, 3.34e-015, 5.99e-015, 3.66e-015, 1.24e-015, 3.34e-015, 1.16e-015, 2.2e-015, 8.01e-016, 8.42e-016, 6.88e-016, 5.49e-016, 4.65e-016, 4.15e-016
13:43:58, 2.26, 13.3, 2.52, 2.98, 2.64, 9.23, 17.2, 18.7, 1.06, 11.5, 11.3, 4.99, 3.84, 2.74, 0.526, 2.81, 7.74, 2.9, 0.21, 1.8, 7.21, 4.31, 2.25, 2.17, 1, 0.483, 0.474, 1.73, 2.53, 3.6, 4.25, 7.06, 0.569, 1.53, 0.952, 0.0753, 0.0816, 0.617, 0.559, 1.47, 1.75, 1.26, 0.0206, 0.607, 1.28, 0.349, 0.35, 0.194, 0.138, 1.15, 2.33, 0.616, 0.708, 0.79, 0.499, 0.241, 0.967, 1.87, 1.57, 1.02, 1.15, 0.524, 0.231, 0.274, 0.352, 1.16, 1.95, 1.16, 0.00329, 0.597, 0.0498, 0.756, 0.0721, 1.39, 1.58, 0.281, 0.692, 1.56, 1.84, 2.66, 1.04, 0.133, 0.38, 1.17, 0.986, 0.0808, 0.971, 1.14, 0.124, 0.0059, 0.166, 1.18, 1.89, 0.318, 0.522, 0.273, 0.113, 0.216, 1.48, 21.8, 25.3, 2.81, 0.0907, 0.702, 0.705, 0.137, 0.0576, 0.247, 0.136, 0.0474, 0.197, 0.0623, 0.0948, 0.0389, 0.107, 0.361, 0.0589, 0.00727, 0.0926, 0.0516, 0.0339, 0.0745, 0.0233, 0.0662, 0.25, 0.21, 0.0429, 0.00288, 0.0112, 0.0238, 0.00214, 0.00822, 0.0115, 0.0191, 0.0232, 0.00422, 0.0124, 0.00298, 0.00091, 0.008, 0.00627, 0.00176, 0.00121, 0.00229, 0.000502, 2.46e-005, 0.000818, 0.00267, 0.00368, 0.00611, 0.00563, 0.00119, 0.000617, 0.000134, 0.000663, 0.00221, 0.000848, 0.000238, 5.92e-005, 6.8e-005, 0.000392, 0.000653, 0.000333, 0.000271, 0.000125, 3.44e-005, 2.09e-005, 3.44e-005, 3.82e-005, 2.93e-005, 5.41e-005, 5.43e-005, 2.74e-005, 3.26e-007, 9.45e-006, 3.67e-006, 5.24e-008, 4.05e-006, 1.25e-005, 4.51e-006, 3.47e-006, 5.17e-006, 1.07e-006, 3.05e-007, 1.11e-006, 4.69e-007, 3.49e-006, 5.68e-006, 3.12e-006, 6.83e-007, 1.11e-006, 8.63e-008, 1.27e-007, 1.38e-008, 2.32e-007, 7.47e-008, 2.17e-008, 2.62e-007, 8.68e-007, 1.45e-006, 2.01e-007, 1.13e-007, 3.26e-008, 6.61e-011, 4.31e-009, 3.65e-009, 3.16e-009, 1.08e-008, 3.14e-009, 1.42e-008, 2.16e-009, 1.88e-009, 2.08e-009, 4.74e-009, 5.94e-010, 6.13e-011, 1.78e-010, 2.08e-010, 8.7e-010, 1.12e-009, 5.78e-010, 1.11e-010, 2.87e-011, 3.4e-011, 2.13e-011, 6.31e-012, 3.83e-011, 3.59e-011, 6.7e-012, 7.17e-012, 1.82e-011, 2.1e-011, 1.65e-012, 4.16e-012, 1.69e-012, 1.35e-012, 2.81e-012, 3.47e-013, 3.9e-014, 2.52e-013, 2.42e-013, 3.13e-013, 9.82e-014, 1.39e-013, 1.69e-013, 1.46e-013, 1.76e-013, 1.44e-013, 1.52e-013, 1.51e-013, 1.46e-013, 1.48e-013, 1.47e-013, 1.46e-013, 1.46e-013, 1.46e-013
13:43:58, 5.04, 10.7, 1.26, 0.407, 0.0358, 3.32, 9.41, 14.5, 8.21, 11.7, 11.5, 5.22, 2.23, 5.33, 4.05, 7.81, 5.33, 2.7, 0.844, 2.83, 2.06, 4.49, 5.15, 0.463, 0.9, 0.195, 0.143, 0.668, 1.92, 2.72, 0.784, 5.7, 0.335, 0.665, 0.56, 0.616, 0.0891, 0.499, 0.0967, 1.73, 0.227, 0.687, 0.143, 0.108, 1.1, 0.252, 0.236, 0.351, 0.0401, 0.693, 2.55, 0.923, 0.192, 0.152, 0.323, 0.286, 1.03, 1.58, 1.18, 1.07, 1.46, 1.41, 0.724, 0.568, 0.000974, 0.856, 0.92, 0.954, 0.236, 0.767, 0.215, 0.542, 0.128, 1.46, 3.69, 0.787, 1.27, 1.48, 1.43, 2.18, 1.4, 0.159, 0.436, 0.724, 0.606, 0.531, 1.36, 0.956, 0.0313, 0.0405, 0.0329, 1.46, 2.68, 0.856, 0.187, 0.138, 0.196, 0.3, 0.89, 19.4, 20.2, 1.9, 0.299, 0.645, 0.53, 0.126, 0.0361, 0.323, 0.163, 0.0505, 0.156, 0.145, 0.084, 0.00621, 0.206, 0.349, 0.0643, 0.00862, 0.0827, 0.0278, 0.0334, 0.0415, 0.00217, 0.0221, 0.174, 0.174, 0.0415, 0.00461, 0.0344, 0.0365, 0.00459, 0.00844, 0.0175, 0.00457, 0.0258, 0.0229, 0.0236, 0.00737, 0.000276, 0.00883, 0.0178, 0.00603, 0.00394, 0.000998, 0.000722, 0.000415, 0.000841, 0.00131, 0.00173, 0.00255, 0.00486, 0.000982, 0.00107, 0.00023, 0.000627, 0.00179, 0.000376, 0.000151, 2.26e-005, 4.8e-005, 0.000353, 0.000569, 0.0003, 0.000301, 0.000131, 3.12e-005, 4.7e-005, 5.72e-005, 5.74e-005, 1.29e-005, 5.65e-005, 5.93e-005, 3.3e-005, 6.82e-006, 3.47e-006, 7.5e-006, 3.52e-006, 1.27e-005, 1.46e-005, 1.44e-006, 4.25e-006, 9.61e-006, 4.29e-006, 2.2e-006, 1.62e-006, 2.39e-007, 5.36e-006, 9.39e-006, 5.49e-006, 1.95e-006, 7.43e-007, 1.03e-007, 8.62e-008, 8.35e-008, 9.24e-008, 1.28e-007, 1.09e-007, 2.8e-007, 5.6e-007, 1.78e-006, 5.48e-007, 8.65e-008, 1.1e-008, 7.56e-009, 1.13e-008, 9.1e-009, 2.01e-010, 9.9e-009, 1.95e-008, 1.7e-008, 1.07e-010, 2.38e-009, 2.98e-009, 4.87e-009, 7.27e-010, 2.68e-010, 4.15e-010, 5.53e-010, 1.07e-009, 1.04e-009, 4.52e-010, 7.78e-011, 4.21e-011, 6.77e-012, 1.02e-011, 2.6e-011, 3.57e-011, 8.82e-012, 3.52e-012, 7.17e-012, 4.13e-011, 2.22e-011, 4.34e-012, 1.63e-012, 4.52e-012, 2.4e-012, 3.41e-012, 6.01e-013, 1.6e-013, 6.47e-014, 1.79e-013, 2.81e-014, 2.45e-013, 5.48e-014, 9.22e-014, 9.93e-014, 1.02e-013, 8.56e-014, 8.88e-014, 8.47e-014, 8.92e-014, 8.61e-014, 8.58e-014, 8.54e-014, 8.5e-014, 8.49e-014
13:43:59, 6.84, 7.8, 0.838, 0.385, 0.251, 1.73, 2.57, 7, 17.4, 8.16, 6.09, 3.88, 0.593, 5.87, 9.29, 11.8, 2.31, 1.54, 2.3, 3.07, 0.59, 3.47, 7.76, 1.26, 0.915, 0.0149, 0.341, 0.225, 1, 1.91, 1.29, 4.97, 2.82, 0.669, 0.594, 0.994, 0.573, 0.743, 0.358, 1.24, 0.3, 0.701, 0.476, 0.234, 0.687, 0.382, 0.366, 0.186, 0.069, 0.706, 2.17, 0.864, 0.128, 0.187, 0.404, 0.00424, 1.08, 0.598, 0.534, 0.386, 1.29, 1.69, 1.1, 1.03, 0.418, 0.49, 0.169, 0.648, 0.409, 0.826, 1.23, 0.654, 0.041, 2.31, 5.25, 2.45, 1.91, 0.696, 0.585, 1.07, 1.04, 0.444, 0.704, 0.297, 0.279, 0.84, 1.39, 0.99, 0.0338, 0.198, 0.0294, 1.42, 3.21, 0.871, 0.029, 0.0421, 0.213, 0.244, 1.02, 14.8, 15.1, 0.529, 0.196, 0.562, 0.223, 0.115, 0.0145, 0.468, 0.29, 0.0456, 0.104, 0.118, 0.0643, 0.0196, 0.333, 0.333, 0.0207, 0.0438, 0.0945, 0.00169, 0.0113, 0.0221, 0.0101, 0.00659, 0.0969, 0.0818, 0.0297, 0.0158, 0.0547, 0.0516, 0.00854, 0.00611, 0.0161, 0.00108, 0.028, 0.0346, 0.0273, 0.0181, 0.00353, 0.0154, 0.0244, 0.0131, 0.0078, 0.00117, 0.00112, 0.001, 0.000611, 0.000208, 0.00185, 0.00318, 0.00397, 0.000213, 0.00142, 0.000411, 0.000407, 0.00128, 0.000244, 9.76e-005, 2.7e-005, 2.19e-005, 0.000207, 0.000337, 9.96e-005, 0.000217, 0.000195, 7.95e-005, 9.46e-005, 9.56e-005, 6.05e-005, 1.69e-006, 5.34e-005, 2.09e-005, 4.18e-005, 1.6e-005, 5.41e-009, 1.04e-005, 1.28e-005, 2.08e-005, 1.38e-005, 4.1e-007, 2.28e-006, 1.29e-005, 1.08e-005, 4.68e-006, 1.76e-006, 1.13e-006, 6.11e-006, 8.29e-006, 6.32e-006, 2.37e-006, 2.58e-007, 2.72e-007, 1.06e-007, 7.06e-008, 3.28e-008, 9.93e-008, 3.59e-007, 2.79e-007, 3.25e-007, 1.9e-006, 7.93e-007, 4.9e-008, 1.41e-009, 1.51e-008, 3.26e-008, 1.48e-008, 2.42e-010, 1.11e-008, 4.03e-008, 2.02e-008, 2.83e-009, 2.21e-009, 1.67e-009, 5.11e-009, 1.52e-009, 5.25e-010, 6.56e-010, 6.43e-010, 8.24e-010, 4.68e-010, 2.98e-010, 8.32e-012, 5.81e-011, 3.31e-012, 3.82e-012, 4.31e-011, 2.87e-011, 2.21e-012, 5.53e-012, 1.32e-011, 4.42e-011, 2.74e-011, 1.41e-012, 2.98e-012, 2.77e-012, 2.07e-012, 3.87e-012, 4.13e-013, 4.33e-013, 2.61e-013, 8.61e-014, 1.63e-013, 2.17e-013, 1.34e-013, 1.24e-013, 1.83e-013, 1.16e-013, 1.43e-013, 1.36e-013, 1.4e-013, 1.34e-013, 1.34e-013, 1.34e-013, 1.34e-013, 1.33e-013, 1.33e-013
13:43:59, 0.493, 8.74, 0.571, 1.12, 1.22, 0.156, 4.63, 9.96, 13.1, 5, 1.64, 3.49, 0.681, 4.13, 9.17, 12.6, 2.21, 1.06, 1.93, 2.7, 1.01, 3.32, 7.76, 4, 1.42, 0.148, 0.757, 0.34, 0.626, 1.97, 1.68, 3.99, 4.89, 1.44, 1.1, 0.659, 1.04, 1.29, 0.769, 0.782, 0.675, 0.765, 0.956, 0.739, 0.335, 0.262, 0.489, 0.0741, 0.0976, 0.555, 1.49, 0.596, 0.45, 0.822, 0.859, 0.369, 0.989, 0.0425, 0.109, 0.0508, 0.64, 1.61, 0.462, 1.61, 1.35, 0.304, 0.0637, 0.331, 0.143, 0.814, 2.01, 1.28, 0.362, 3.04, 4.96, 3.47, 1.36, 0.562, 0.466, 0.0732, 0.613, 0.406, 1.04, 0.379, 0.23, 0.487, 0.897, 0.933, 0.422, 0.443, 0.235, 0.961, 3.01, 0.843, 0.026, 0.0035, 0.139, 0.809, 0.418, 11.5, 13.2, 0.0474, 0.0601, 0.421, 0.209, 0.129, 0.221, 0.501, 0.461, 0.0267, 0.102, 0.0555, 0.0247, 0.117, 0.509, 0.339, 0.00145, 0.0853, 0.112, 0.0218, 0.00259, 0.0159, 0.016, 0.0103, 0.0517, 0.0196, 0.0098, 0.016, 0.058, 0.063, 0.00548, 0.00492, 0.00795, 0.012, 0.0355, 0.0213, 0.0205, 0.0251, 0.0113, 0.0197, 0.0218, 0.0114, 0.0108, 0.00415, 0.00165, 0.000736, 0.000293, 0.00034, 0.00339, 0.0081, 0.00392, 0.000359, 0.00123, 0.0005, 0.000255, 0.000696, 0.000443, 0.000155, 3.13e-005, 2.33e-005, 8.25e-005, 9.8e-005, 5.23e-005, 0.000161, 0.000202, 8.51e-005, 0.000122, 7.91e-005, 5.43e-005, 3.02e-005, 4.19e-005, 3.38e-008, 4.01e-005, 2.05e-005, 2.59e-006, 1.18e-005, 1.84e-005, 1.84e-005, 1.13e-005, 1.51e-006, 6.62e-007, 1.22e-005, 1.66e-005, 4.56e-006, 1.27e-006, 2.17e-006, 4.42e-006, 4.21e-006, 3.9e-006, 2.34e-006, 5.52e-009, 3.43e-007, 8.38e-008, 1.97e-008, 2.11e-008, 8.21e-008, 5.45e-007, 3.98e-007, 5.45e-007, 1.55e-006, 7.63e-007, 1.7e-008, 4.3e-009, 1.91e-008, 6.13e-008, 3.39e-008, 2.42e-009, 2.32e-008, 4.71e-008, 1.87e-008, 4.19e-009, 2.68e-009, 6.19e-010, 5.04e-009, 1.55e-009, 1.13e-009, 4.65e-010, 4.75e-010, 4.17e-010, 1.06e-010, 1.22e-010, 3.27e-011, 9.04e-011, 1.51e-011, 8.12e-012, 8.09e-011, 1.06e-011, 1.01e-011, 1.01e-011, 1.76e-011, 2.48e-011, 3.32e-011, 6.66e-014, 3.03e-012, 7.57e-013, 2.65e-012, 3.91e-012, 1.73e-013, 1.66e-012, 4.88e-013, 1.03e-012, 1.03e-012, 5.47e-013, 9.49e-013, 6.79e-013, 8.83e-013, 6.94e-013, 7.68e-013, 7.38e-013, 7.22e-013, 7.22e-013, 7.18e-013, 7.1e-013, 7.07e-013, 7.04e-013, 7.03e-013
13:43:59, 12.6, 23.7, 21.5, 24.7, 26.7, 26.4, 35.9, 29.8, 0.934, 6.55, 3.82, 3.96, 0.472, 2.67, 3.28, 10.3, 5.51, 0.801, 0.863, 1.58, 1.09, 3.23, 4.87, 5.49, 1.92, 0.378, 1.05, 1.21, 0.044, 2.51, 0.571, 3.47, 4.92, 1.33, 1.49, 0.322, 1.28, 2.08, 0.366, 0.434, 0.61, 0.455, 1.28, 1.45, 0.138, 0.146, 0.298, 0.265, 0.274, 0.0831, 1.32, 0.0754, 0.927, 1.71, 1.25, 0.826, 1.05, 0.219, 0.0375, 0.0102, 0.459, 1.4, 0.0592, 2.1, 1.6, 0.403, 0.0641, 0.127, 0.0972, 0.838, 1.72, 1.58, 1.75, 2.57, 2.63, 3.06, 0.19, 1.2, 1.15, 0.282, 0.393, 0.107, 1.18, 0.842, 0.11, 0.224, 0.209, 0.649, 0.627, 1.03, 0.486, 0.6, 2.2, 0.898, 0.172, 0.0436, 0.298, 1.64, 0.356, 11.7, 15.7, 0.931, 0.272, 0.151, 0.514, 0.363, 0.393, 0.306, 0.521, 0.151, 0.12, 0.0228, 0.0162, 0.192, 0.549, 0.475, 0.0593, 0.0234, 0.177, 0.102, 0.0222, 0.00762, 0.0149, 0.0412, 0.0239, 0.00395, 4.89e-005, 0.00205, 0.0517, 0.0538, 0.00758, 0.00585, 0.00046, 0.0243, 0.0358, 0.00817, 0.00912, 0.0254, 0.0101, 0.0176, 0.0119, 0.00398, 0.00893, 0.00871, 0.00166, 0.000313, 0.000171, 0.000479, 0.00502, 0.0129, 0.00535, 0.000214, 0.00108, 0.000819, 0.000439, 0.000146, 0.000552, 0.000267, 2.34e-005, 1.67e-005, 1.66e-005, 5.47e-006, 0.000118, 0.000241, 0.000105, 4.39e-005, 9.82e-005, 3.16e-005, 4.25e-005, 6.94e-005, 2.14e-005, 1.08e-005, 4.22e-005, 1.48e-005, 5.6e-006, 1.37e-005, 9.79e-006, 1.03e-005, 6.62e-006, 2.63e-006, 6.41e-007, 9.11e-006, 1.59e-005, 3.49e-006, 8.72e-007, 1.42e-006, 2.17e-006, 1.24e-006, 1.33e-006, 2.27e-006, 2.59e-007, 2.35e-007, 5.37e-008, 6.06e-009, 2.95e-008, 1.12e-007, 4.53e-007, 5.92e-007, 5.63e-007, 8.96e-007, 6.33e-007, 1.46e-008, 1.47e-008, 1.14e-008, 7.72e-008, 7.77e-008, 2.08e-008, 2.76e-008, 3.72e-008, 1.36e-008, 1.96e-009, 4.03e-009, 3.21e-009, 4.58e-009, 3.08e-010, 1.85e-009, 3.28e-010, 2.59e-010, 4.98e-010, 2.02e-010, 3.09e-011, 1.01e-010, 1.14e-010, 5.83e-011, 6.25e-011, 1e-010, 2.22e-012, 1.48e-011, 1.44e-011, 2.65e-012, 2.14e-011, 1.6e-011, 1.2e-012, 2.1e-012, 2.74e-013, 2.94e-013, 4.49e-013, 9.05e-013, 2.85e-013, 9.9e-014, 1.48e-013, 1.49e-013, 8.16e-014, 6.69e-014, 1.53e-013, 7.92e-014, 9.18e-014, 1.02e-013, 9.35e-014, 9.14e-014, 9.23e-014, 8.99e-014, 9.03e-014, 8.98e-014, 8.94e-014, 8.92e-014
13:43:59, 3.31, 42.1, 104, 141, 148, 134, 109, 45.8, 3.56, 10.1, 9.92, 3.28, 0.00267, 1.62, 0.0935, 6.4, 8.17, 1.18, 1.04, 0.501, 0.362, 2.06, 1.49, 4.26, 2.7, 0.0476, 1.76, 1.93, 0.324, 3.33, 1.67, 4, 2.81, 0.588, 1.37, 1.35, 2.47, 2.38, 0.0046, 0.146, 0.456, 0.00664, 1.56, 1.32, 0.5, 0.234, 0.163, 0.837, 0.633, 0.389, 1.41, 0.223, 1.13, 1.86, 1.35, 0.429, 1.21, 0.961, 0.221, 0.053, 0.308, 1.58, 1.05, 1.72, 1.11, 0.412, 0.021, 0.046, 0.343, 1.26, 0.681, 1.16, 2.89, 1.52, 0.751, 1.94, 0.0899, 1.46, 2.61, 1.44, 0.318, 0.0802, 0.921, 1.27, 0.113, 0.213, 0.103, 0.466, 0.272, 1.93, 1.03, 1.26, 1.46, 0.403, 0.777, 0.472, 1.03, 1.45, 1.56, 14.5, 20.2, 2.79, 0.24, 0.096, 0.818, 0.679, 0.279, 0.0677, 0.429, 0.356, 0.141, 0.00105, 0.0659, 0.196, 0.296, 0.703, 0.21, 0.0156, 0.235, 0.216, 0.0713, 0.007, 0.0211, 0.0676, 0.0271, 0.00488, 0.00587, 0.00179, 0.0485, 0.0301, 0.0121, 0.0168, 0.00758, 0.0332, 0.0183, 0.00689, 0.00941, 0.018, 0.00192, 0.0119, 0.00419, 0.000631, 0.00352, 0.0119, 0.00259, 0.000778, 0.000374, 0.000752, 0.00388, 0.0153, 0.00707, 2.9e-005, 0.000768, 0.00125, 0.000915, 6.91e-005, 0.000602, 0.00026, 1.88e-005, 2.45e-005, 1.42e-006, 1.16e-005, 0.000189, 0.000318, 4.41e-005, 1.24e-005, 3.63e-005, 3.69e-005, 5.08e-005, 7.07e-005, 7.27e-006, 1.86e-005, 5.58e-005, 1.3e-005, 9.76e-006, 1.11e-005, 1.71e-006, 3.11e-006, 1.86e-006, 3.03e-006, 1.86e-006, 4.25e-006, 1.04e-005, 4.2e-006, 1.29e-006, 5.84e-007, 1.09e-006, 8.56e-007, 6.84e-007, 1.73e-006, 7.84e-007, 6.16e-008, 5.71e-008, 2.48e-008, 1.72e-008, 1.19e-007, 2.3e-007, 5.17e-007, 2.34e-007, 4.14e-007, 4.32e-007, 5.22e-008, 2.66e-008, 9.31e-011, 9.33e-008, 1.13e-007, 4.54e-008, 1.44e-008, 2.08e-008, 1.26e-008, 1.61e-009, 3.47e-009, 5.43e-009, 4.86e-009, 3.64e-010, 2.33e-009, 6.53e-010, 8.56e-011, 8.27e-010, 9.85e-010, 3.13e-010, 1.95e-010, 8.35e-011, 6.86e-011, 1.59e-010, 1.01e-010, 1.63e-011, 3.43e-011, 1.48e-011, 7.26e-012, 4.05e-012, 1.12e-011, 1.03e-012, 1.21e-012, 3.03e-012, 4.96e-014, 3.82e-014, 1.17e-012, 6.91e-013, 4.45e-014, 1.36e-013, 2.58e-013, 1.81e-013, 1.53e-013, 2.41e-013, 1.51e-013, 1.49e-013, 1.67e-013, 1.52e-013, 1.5e-013, 1.47e-013, 1.45e-013, 1.42e-013, 1.4e-013, 1.39e-013, 1.38e-013
13:43:59, 1.06, 53.1, 221, 337, 322, 250, 162, 53.2, 8.86, 12.2, 15.3, 1.58, 0.351, 1.57, 0.743, 2.91, 7.21, 2.76, 1.25, 0.183, 0.0579, 0.926, 0.275, 3.22, 2.66, 0.259, 2.87, 1.83, 0.936, 4.25, 5.25, 4.7, 0.473, 0.72, 1.75, 4.55, 3.62, 1.66, 0.597, 0.464, 0.948, 0.927, 2.15, 0.276, 1.33, 0.936, 0.724, 0.934, 1.02, 1.39, 1.49, 0.632, 1.01, 1.15, 0.782, 0.106, 1.19, 2.37, 0.894, 0.189, 0.444, 1.66, 1.79, 1.11, 0.324, 0.296, 0.0154, 0.0484, 0.44, 1.77, 0.267, 0.827, 1.87, 1.46, 0.851, 1.01, 0.383, 1.22, 3.92, 2.82, 0.413, 0.0421, 0.668, 1.19, 0.366, 0.306, 0.527, 0.517, 0.401, 2.32, 1.64, 2.08, 1.65, 0.41, 1.4, 0.908, 1.55, 1.36, 0.937, 17.8, 23.3, 3.12, 0.261, 0.312, 1, 0.582, 0.12, 0.0148, 0.295, 0.324, 0.155, 0.03, 0.149, 0.172, 0.103, 0.828, 0.387, 0.108, 0.213, 0.263, 0.131, 0.0185, 0.0197, 0.0753, 0.0403, 0.0115, 0.0103, 0.0101, 0.0522, 0.0276, 0.0133, 0.044, 0.0351, 0.0276, 0.00467, 0.0051, 0.013, 0.00986, 0.000283, 0.00675, 0.00574, 0.000444, 0.00262, 0.00963, 0.00531, 0.00164, 0.00129, 0.00127, 0.0013, 0.0155, 0.00833, 0.000432, 0.000273, 0.00111, 0.00122, 0.000572, 0.000611, 0.000184, 1.28e-006, 3.76e-005, 3.61e-005, 8.62e-005, 0.000282, 0.000229, 6.85e-005, 1.12e-005, 1.45e-005, 8.67e-005, 9.39e-005, 3.84e-005, 4.42e-006, 1.66e-005, 6.25e-005, 2.96e-005, 1.96e-005, 8.16e-006, 5.37e-007, 5.5e-007, 1.28e-007, 2.75e-006, 2.44e-006, 8.79e-007, 4.69e-006, 4.87e-006, 2e-006, 9.71e-007, 1.11e-006, 1.24e-006, 4.28e-007, 1.07e-006, 8.56e-007, 4.6e-008, 6.2e-008, 8.3e-008, 3.22e-009, 7.83e-008, 6.8e-008, 2.01e-007, 1.58e-007, 3.01e-007, 2.28e-007, 4.99e-008, 5.2e-008, 2.78e-008, 1.14e-007, 9.21e-008, 4.6e-008, 5.42e-009, 1.18e-008, 1.48e-008, 3.42e-009, 1.16e-009, 4.62e-009, 5.46e-009, 1.54e-009, 1.95e-009, 1.94e-009, 1.93e-010, 2.04e-009, 2.39e-009, 7.99e-010, 2.22e-010, 2.87e-011, 5.43e-011, 1.8e-010, 9.96e-011, 3.62e-011, 3.88e-011, 3.04e-011, 1.05e-011, 1.26e-012, 5.04e-012, 2.66e-012, 2.89e-012, 1.72e-012, 1.04e-012, 7.21e-013, 6.16e-013, 6.7e-013, 1.01e-013, 9.39e-016, 1.32e-013, 1.08e-014, 5.63e-014, 2.63e-014, 4.15e-014, 3.4e-014, 3.91e-014, 3.26e-014, 3.29e-014, 3.51e-014, 3.29e-014, 3.35e-014, 3.32e-014, 3.31e-014, 3.3e-014
13:43:59, 4.52, 65.9, 291, 423, 351, 249, 134, 47.8, 5.38, 12, 16, 2.05, 1.04, 2.95, 1.77, 0.76, 5.43, 2.37, 1.29, 0.5, 0.00791, 0.492, 1.68, 4.66, 1.17, 1.29, 5.37, 1.66, 1.19, 4.87, 5.76, 4.34, 0.555, 1.35, 4.18, 7.39, 3.28, 0.478, 1.7, 1.92, 2.56, 2.68, 2.54, 0.338, 2.35, 2.83, 1.48, 0.325, 1.15, 1.88, 1.33, 0.434, 0.624, 0.476, 0.135, 0.435, 1.32, 3.04, 2.29, 0.672, 0.69, 1.3, 1.09, 0.748, 0.0671, 0.444, 0.0549, 0.111, 0.241, 2.26, 1.24, 0.487, 0.67, 1.75, 1.57, 0.443, 0.363, 0.638, 3.75, 4.19, 0.396, 0.0379, 0.318, 1.14, 0.213, 0.476, 1.13, 0.528, 0.672, 2.38, 1.29, 1.82, 3.02, 1.68, 1.08, 0.921, 1.41, 0.857, 0.135, 19.8, 24.7, 1.11, 0.648, 0.271, 1.02, 0.403, 0.0734, 0.164, 0.0997, 0.199, 0.0707, 0.113, 0.211, 0.156, 0.208, 0.727, 0.43, 0.169, 0.113, 0.179, 0.157, 0.0492, 0.00511, 0.102, 0.0223, 0.0208, 0.0143, 0.00742, 0.0578, 0.04, 0.0257, 0.0703, 0.0541, 0.0133, 0.00131, 0.00352, 0.0066, 0.0144, 0.000366, 0.0131, 0.0138, 0.00199, 0.00153, 0.00672, 0.00632, 0.00139, 0.00214, 0.00177, 0.00182, 0.0128, 0.0089, 0.000674, 0.000124, 0.000443, 0.0011, 0.00106, 0.000383, 0.000149, 5.35e-006, 1.94e-005, 0.000127, 0.00027, 0.000247, 0.0001, 7.67e-005, 1.48e-005, 2.92e-005, 0.000137, 0.000127, 1.06e-005, 6.78e-006, 2.07e-005, 4.31e-005, 4.57e-005, 3.27e-005, 8.75e-006, 3.8e-007, 6.68e-007, 6.01e-008, 2.61e-006, 1.93e-006, 3.55e-007, 1.47e-006, 3.06e-006, 1.76e-006, 1.02e-006, 1.22e-006, 8.85e-007, 1.28e-007, 8.11e-007, 6.45e-007, 5.51e-008, 1.62e-007, 1.92e-007, 5.96e-008, 2.83e-008, 9.48e-009, 3.22e-008, 3.54e-007, 4.94e-007, 1.13e-007, 2.06e-008, 5.42e-008, 8.03e-008, 1.27e-007, 3.11e-008, 2.73e-008, 1.06e-008, 1.03e-008, 1.25e-008, 3.79e-009, 9.29e-011, 2.74e-009, 4.85e-009, 1.57e-009, 1.18e-009, 3.34e-009, 2.05e-009, 3.7e-009, 3.31e-009, 1.13e-009, 1.01e-010, 2.41e-011, 4.74e-011, 1.42e-010, 5.51e-011, 3.14e-011, 4.43e-011, 2.38e-011, 1.8e-011, 1.05e-012, 6.27e-012, 1.91e-012, 6.66e-012, 2.13e-013, 1.41e-012, 1.2e-012, 2.92e-012, 1.99e-013, 1e-012, 1.43e-013, 5.19e-013, 3.45e-013, 3.5e-013, 3.63e-013, 3.1e-013, 3.35e-013, 3.35e-013, 3.11e-013, 3.14e-013, 3.13e-013, 3.11e-013, 3.06e-013, 3.05e-013, 3.04e-013, 3.03e-013
13:43:59, 5.78, 66.4, 244, 293, 201, 131, 63, 26.3, 2.76, 11.8, 12.2, 2.66, 2.63, 5.38, 1.25, 0.345, 4.21, 0.875, 1.56, 0.955, 0.0438, 0.379, 3.19, 6.93, 2.24, 3.42, 9.81, 2.8, 1.97, 3.68, 2.8, 3.03, 1.3, 2.3, 6.26, 6.7, 2.24, 0.0134, 2.02, 3.73, 4.27, 2.8, 1.95, 2.07, 3.6, 3.88, 2.09, 0.0334, 1.06, 0.977, 1.37, 0.0451, 0.26, 0.285, 0.298, 1.39, 0.919, 2.46, 3.38, 1.22, 0.606, 0.521, 0.377, 0.429, 0.886, 1.23, 0.404, 0.0452, 0.111, 2.46, 3.31, 0.431, 0.521, 0.897, 1.95, 0.377, 0.294, 0.0442, 2.95, 4.96, 0.524, 0.00151, 0.13, 0.993, 0.255, 0.898, 1.4, 0.364, 0.455, 2.06, 0.771, 1.3, 4.41, 2.58, 0.503, 0.398, 0.936, 0.0932, 0.957, 22.1, 25.9, 0.753, 0.896, 0.0238, 0.971, 0.607, 0.137, 0.259, 0.0109, 0.166, 0.00588, 0.272, 0.156, 0.119, 0.42, 0.457, 0.243, 0.14, 0.0149, 0.0879, 0.0768, 0.127, 0.0633, 0.172, 0.0127, 0.0325, 0.0157, 0.00267, 0.058, 0.0471, 0.0247, 0.0739, 0.0603, 0.000594, 0.0107, 0.00589, 0.00767, 0.0245, 0.011, 0.0321, 0.0232, 0.0035, 0.000199, 0.00395, 0.00551, 0.000214, 0.00234, 0.00221, 0.00312, 0.00854, 0.0071, 0.000723, 0.000159, 9.75e-005, 0.000768, 0.000995, 0.000115, 0.000119, 4.36e-005, 2.27e-005, 0.000286, 0.000431, 0.000116, 1.78e-005, 5.25e-005, 1.11e-005, 3.91e-005, 0.000164, 0.000104, 9.51e-006, 8.55e-006, 2.15e-005, 1.64e-005, 3.47e-005, 3.45e-005, 1.15e-005, 1.69e-007, 2.65e-006, 9.41e-007, 4.5e-006, 3.09e-006, 3.26e-007, 6.88e-007, 7.62e-007, 1.06e-006, 2.73e-007, 1.12e-006, 1.53e-007, 3.8e-007, 1.02e-006, 7.43e-007, 7.9e-008, 4.5e-007, 3.03e-007, 8.83e-008, 2.68e-008, 8.6e-009, 3.82e-008, 4.99e-007, 7.06e-007, 1.25e-007, 8.1e-009, 2.8e-008, 9.53e-008, 1.01e-007, 9.61e-009, 1.77e-008, 7.12e-009, 1.34e-008, 4.95e-009, 2.86e-009, 7.18e-010, 1.42e-009, 2.76e-009, 1.07e-009, 5.56e-010, 4.05e-009, 4.74e-009, 3.84e-009, 2.57e-009, 1.26e-009, 1.38e-012, 4.82e-011, 5.53e-011, 6.49e-011, 1.38e-011, 2.68e-011, 1.61e-011, 1.91e-011, 1.22e-011, 3.73e-012, 3.01e-012, 2.93e-012, 3.51e-012, 9.76e-013, 1.29e-012, 1.52e-012, 1.59e-012, 6.35e-013, 8.9e-014, 2.82e-013, 4.74e-014, 4.31e-014, 1.1e-013, 8.56e-014, 6.42e-014, 7.78e-014, 6.6e-014, 7.14e-014, 6.66e-014, 6.65e-014, 6.5e-014, 6.47e-014, 6.4e-014, 6.36e-014, 6.33e-014
13:43:59, 0.0477, 44.5, 120, 109, 45.3, 31.5, 15.3, 5.05, 7.84, 14.2, 8.09, 1.62, 5.79, 5.48, 1.21, 0.327, 3.55, 1.84, 1.97, 1.87, 0.206, 0.69, 3.09, 6.62, 5.88, 8.87, 13.3, 3.78, 2.56, 1.94, 0.621, 1.51, 0.893, 3.06, 4.94, 3.62, 1.4, 0.218, 1.98, 3.5, 3.98, 1.89, 0.779, 3.77, 4.08, 2.19, 2.5, 1.08, 0.921, 0.256, 1.54, 0.561, 0.457, 0.468, 1.31, 2.6, 0.387, 2.32, 2.88, 1.01, 0.328, 0.16, 0.181, 0.246, 2.29, 3.01, 1.2, 0.104, 0.0575, 2.78, 4.57, 1.25, 0.524, 0.151, 1.68, 0.668, 0.256, 0.118, 2.3, 4.87, 0.95, 0.0372, 0.0181, 0.802, 1.11, 1.68, 1.11, 0.127, 0.136, 1.31, 0.981, 1.72, 4.11, 2.07, 0.213, 0.172, 0.499, 0.0107, 1.2, 24.6, 28.7, 2.3, 0.398, 0.273, 1.31, 0.785, 0.154, 0.248, 0.109, 0.187, 0.178, 0.46, 0.122, 0.117, 0.368, 0.211, 0.0513, 0.0541, 0.00858, 0.0621, 0.0212, 0.206, 0.206, 0.253, 0.0786, 0.0432, 0.00589, 0.0103, 0.0612, 0.0273, 0.0102, 0.0483, 0.0693, 0.0117, 0.0314, 0.0169, 0.015, 0.0233, 0.0335, 0.0512, 0.0299, 0.00204, 7.65e-005, 0.00321, 0.00378, 0.000243, 0.00179, 0.00186, 0.00246, 0.00357, 0.00486, 0.000403, 0.000358, 0.000285, 0.000906, 0.00051, 3.13e-005, 6.48e-005, 0.000133, 0.00012, 0.000431, 0.000412, 3.97e-005, 6.6e-007, 3.41e-005, 9.88e-006, 5.55e-005, 0.000132, 5.56e-005, 1.64e-005, 9.86e-006, 1.2e-005, 1.35e-006, 1.58e-005, 1.81e-005, 1.43e-005, 2.9e-006, 5.82e-006, 5.96e-006, 6.74e-006, 2.92e-006, 9.12e-007, 1.36e-006, 2.06e-007, 8.79e-007, 2.59e-007, 9.71e-007, 3.92e-008, 6.99e-007, 1.34e-006, 9.54e-007, 3.76e-007, 6.84e-007, 3.14e-007, 4.83e-008, 3.98e-008, 1.06e-008, 6.97e-008, 5.09e-007, 7.35e-007, 1.64e-007, 2.16e-009, 1.25e-008, 5.48e-008, 5.1e-008, 3.22e-008, 2.47e-008, 5.57e-010, 1.79e-008, 2.35e-009, 2.81e-009, 6.34e-010, 8.7e-010, 6.5e-010, 1.15e-009, 1.17e-009, 2.32e-009, 5.99e-009, 2.41e-009, 1.04e-009, 1.56e-009, 4.89e-011, 3.35e-011, 2.85e-011, 2.39e-011, 2.14e-011, 3.67e-011, 5.54e-012, 1.98e-011, 1.31e-011, 5.1e-012, 3.71e-012, 2.45e-012, 5.08e-012, 2.05e-012, 2.83e-012, 1.66e-012, 8.58e-013, 2.04e-012, 1.02e-012, 5.64e-013, 1.16e-012, 8.83e-013, 9.6e-013, 8.69e-013, 8.87e-013, 8.54e-013, 8.61e-013, 8.44e-013, 8.5e-013, 8.33e-013, 8.26e-013, 8.26e-013, 8.21e-013, 8.19e-013, 8.17e-013
13:44:00, 5.18, 23.7, 25.4, 28.5, 1.67, 4.07, 1.51, 0.0718, 7.15, 18.2, 8.09, 1.92, 6.02, 3.6, 1.41, 0.0813, 3.56, 4.08, 1.9, 2.27, 1.32, 0.87, 1.81, 3.58, 7.28, 13.9, 13.3, 2.47, 2.24, 1.34, 0.502, 0.92, 0.446, 1.74, 2.86, 0.473, 1.62, 0.0641, 2.72, 1.2, 2.41, 1.38, 0.553, 3.58, 2.74, 0.387, 2.17, 2.78, 0.818, 0.478, 1.74, 1.26, 0.855, 0.957, 1.77, 3.13, 1.53, 3.02, 1.69, 0.325, 0.365, 0.164, 0.166, 0.25, 3.16, 5.4, 1.87, 0.257, 0.215, 2.69, 4.8, 1.42, 0.454, 0.373, 1.47, 0.463, 0.216, 0.259, 1.78, 3.73, 1.51, 0.09, 0.014, 0.599, 2.06, 2.16, 0.741, 0.0096, 0.274, 0.547, 0.999, 2.22, 2.37, 0.905, 0.236, 0.111, 0.618, 0.209, 0.497, 26.8, 32.1, 2.25, 0.412, 0.862, 1.46, 0.909, 0.0196, 0.258, 0.2, 0.169, 0.344, 0.71, 0.257, 0.126, 0.161, 0.0863, 0.00625, 0.0193, 0.0378, 0.109, 0.116, 0.187, 0.257, 0.281, 0.148, 0.0602, 0.00176, 0.039, 0.0597, 0.00551, 0.000141, 0.021, 0.0673, 0.0475, 0.0445, 0.0297, 0.0138, 0.0124, 0.0428, 0.0517, 0.0261, 0.00276, 0.000823, 0.0041, 0.00219, 0.000679, 0.00173, 0.00031, 0.0015, 0.000548, 0.00353, 0.000157, 0.000375, 0.00106, 0.00133, 0.000161, 3.11e-005, 4.51e-005, 0.000204, 0.0003, 0.000329, 0.000306, 4.96e-005, 9.24e-006, 3.51e-005, 3.02e-005, 6.58e-005, 7.4e-005, 1.6e-005, 1.38e-005, 8.54e-006, 3.56e-006, 2.11e-006, 5.74e-006, 3.25e-006, 1.34e-005, 5.09e-006, 6.42e-006, 1.45e-005, 7.52e-006, 8.5e-007, 2.21e-006, 2.17e-006, 1.24e-006, 1.21e-006, 1.42e-006, 1e-006, 2.18e-007, 7.24e-007, 1.08e-006, 9.08e-007, 6.5e-007, 5.44e-007, 3.42e-007, 9.38e-009, 6.51e-008, 3.43e-009, 1.16e-007, 2.82e-007, 6.48e-007, 1.39e-007, 1.67e-009, 5.95e-009, 2.37e-008, 7.59e-009, 4.96e-008, 3.65e-008, 1.37e-008, 2.25e-008, 7.58e-009, 2.86e-009, 4.89e-010, 7.75e-010, 2.18e-011, 1.37e-009, 1.51e-009, 6.01e-010, 4.37e-009, 1.87e-009, 7.15e-010, 1.58e-009, 2.65e-010, 3.41e-011, 4.88e-011, 1.13e-011, 3.18e-011, 4.78e-011, 2.27e-011, 3.32e-011, 1.75e-011, 2.64e-012, 5.72e-012, 3.67e-012, 3.98e-012, 1.8e-013, 1.71e-012, 4.88e-013, 6.97e-014, 3.8e-014, 1.74e-013, 2.25e-013, 2.47e-014, 1.12e-013, 7.34e-014, 6.13e-014, 8.72e-014, 7.1e-014, 8.14e-014, 7.36e-014, 7.03e-014, 7.45e-014, 7.12e-014, 7.17e-014, 7.12e-014, 7.1e-014, 7.08e-014
13:44:00, 4.09, 5.4, 0.696, 15.9, 8.5, 2.97, 0.234, 1.13, 3.98, 13.8, 11.5, 4.04, 3.26, 1.21, 1.14, 0.328, 3.36, 4.91, 1.08, 1.51, 4.26, 1.26, 2.22, 0.506, 6.64, 10.5, 9.74, 1.88, 2.29, 1.49, 0.433, 1.55, 1.56, 0.119, 1.88, 0.411, 2.32, 1.02, 3.1, 0.321, 1.32, 1.08, 1.02, 2.12, 0.918, 0.141, 1.76, 3.81, 0.547, 0.762, 1.9, 0.863, 1.08, 1.1, 1.03, 2.54, 2.88, 3.36, 1.25, 0.184, 0.47, 0.13, 0.225, 0.0462, 3.83, 6.71, 1.58, 0.357, 0.648, 1.35, 4.64, 0.726, 0.562, 1.2, 1.3, 0.0357, 0.266, 0.0932, 1.17, 1.7, 2.14, 0.26, 0.0109, 0.599, 2.24, 1.42, 0.657, 0.138, 0.704, 0.198, 0.807, 1.3, 1.01, 0.184, 0.312, 0.0661, 0.849, 0.746, 1.17, 28.8, 33, 1.93, 0.452, 0.885, 1.12, 0.919, 0.118, 0.283, 0.082, 0.172, 0.193, 1, 0.533, 0.0308, 0.0751, 0.0202, 0.0668, 0.0416, 0.069, 0.219, 0.246, 0.0812, 0.178, 0.207, 0.119, 0.0702, 0.0253, 0.083, 0.0574, 4.33e-005, 0.0021, 0.00754, 0.0477, 0.0604, 0.0407, 0.0251, 0.00764, 0.00286, 0.0322, 0.0295, 0.0153, 0.00552, 0.00243, 0.00474, 0.00103, 0.000453, 0.00112, 0.000649, 0.00204, 0.00256, 0.00341, 2.23e-005, 0.000472, 0.0022, 0.00135, 8.56e-005, 1.87e-005, 4.3e-005, 0.000156, 0.000455, 7.73e-005, 0.000257, 8.16e-005, 9.52e-006, 4.27e-005, 4.18e-005, 5.55e-005, 3.36e-005, 1.04e-006, 2.39e-006, 6.35e-006, 7.75e-007, 9.73e-006, 1.82e-006, 2.52e-007, 9.59e-006, 4.94e-006, 5.28e-006, 2.3e-005, 7.39e-006, 4.2e-007, 1.31e-006, 3.36e-006, 2.01e-006, 1.03e-006, 2.48e-006, 1.26e-006, 5.87e-008, 8.08e-007, 3.68e-007, 6.34e-007, 4.66e-007, 2.56e-007, 3.67e-007, 1.28e-007, 1.68e-007, 5.71e-008, 1.26e-007, 6.4e-008, 5.25e-007, 1.06e-007, 1.14e-008, 2.05e-009, 2.04e-008, 5.5e-009, 4.96e-008, 3.12e-008, 2.48e-008, 3.12e-008, 1.09e-008, 2.07e-009, 1.52e-009, 1.1e-009, 5.08e-010, 1.2e-009, 1.18e-009, 1.86e-010, 2.46e-009, 2.07e-009, 1.35e-009, 1.2e-009, 3.57e-010, 1.03e-010, 6.55e-011, 4.91e-011, 7.41e-011, 4.91e-011, 1.49e-011, 5.24e-011, 3.62e-011, 8.89e-013, 7.29e-012, 1.4e-011, 1.89e-012, 1.61e-014, 2.12e-012, 7.06e-014, 3.79e-014, 1.3e-013, 1.64e-013, 1.83e-014, 1.57e-013, 1.29e-013, 8.7e-014, 6.43e-014, 1.03e-013, 1.01e-013, 7.71e-014, 8.59e-014, 8.51e-014, 8.27e-014, 8.29e-014, 8.17e-014, 8.13e-014, 8.1e-014, 8.07e-014
13:44:00, 1.31, 3.18, 1.18, 14, 17.3, 3.57, 0.00909, 2.2, 1.12, 8.81, 12, 2.71, 1.56, 0.0103, 1.24, 0.182, 3.47, 3.9, 0.372, 0.651, 7.84, 4.85, 4.6, 1.54, 5.91, 3.1, 4.49, 3.99, 3.62, 1.98, 0.461, 3.19, 2.82, 0.469, 1.4, 2.83, 3.77, 2.44, 2.17, 1.66, 1.07, 0.379, 0.898, 0.78, 0.363, 0.255, 2.25, 3.52, 0.547, 1.1, 1.83, 0.122, 0.762, 0.726, 0.123, 1.68, 1.97, 2.63, 1.32, 0.312, 0.422, 0.0311, 0.398, 0.403, 4.16, 5.44, 1.28, 0.297, 1.29, 0.141, 4.61, 1.31, 0.806, 1.15, 1.22, 0.231, 0.286, 0.137, 0.572, 0.27, 2.19, 0.862, 0.132, 0.728, 1.39, 0.613, 0.358, 0.714, 0.924, 0.309, 0.866, 0.519, 0.394, 0.386, 0.415, 0.494, 1.39, 0.543, 2.11, 29.9, 31, 2.1, 0.261, 0.498, 0.497, 0.659, 0.534, 0.351, 0.0312, 0.199, 0.133, 1.1, 0.68, 0.0279, 0.0898, 0.0241, 0.171, 0.102, 0.111, 0.245, 0.275, 0.0307, 0.126, 0.0747, 0.0583, 0.0401, 0.0487, 0.134, 0.0774, 0.00331, 0.00175, 0.00514, 0.0243, 0.036, 0.0205, 0.0123, 0.00225, 0.00182, 0.0179, 0.00814, 0.00486, 0.00545, 0.00406, 0.00358, 0.00079, 0.000381, 0.000166, 0.0019, 0.00566, 0.00919, 0.00481, 0.000265, 0.00143, 0.00219, 0.00109, 0.000177, 1.2e-005, 5.39e-005, 3.06e-005, 0.000526, 0.000127, 0.000325, 0.000125, 4.19e-006, 6.44e-005, 1.33e-005, 4.04e-005, 1.27e-005, 1.46e-006, 1.84e-007, 7.16e-006, 8.26e-006, 1.93e-005, 3.79e-006, 3.82e-007, 1.03e-005, 5.83e-006, 6.28e-006, 2.5e-005, 1.08e-005, 1.51e-006, 1.59e-008, 4.28e-006, 2.58e-006, 4.64e-007, 3.27e-006, 1e-006, 3.38e-008, 9.14e-007, 2.22e-007, 4.93e-007, 1.62e-007, 6.04e-008, 2.99e-007, 3.23e-007, 3.22e-007, 2.27e-007, 6.86e-008, 3.36e-008, 4.37e-007, 1.77e-007, 3.42e-008, 2.08e-008, 3.86e-008, 3.75e-008, 3.68e-008, 1.45e-008, 1.82e-008, 3.71e-008, 7.64e-009, 1.13e-009, 1.78e-009, 1.93e-009, 7.42e-010, 7.1e-010, 9.27e-010, 5.49e-010, 1.4e-009, 1.06e-009, 1.91e-009, 6.38e-010, 2.26e-010, 2.18e-010, 2.66e-011, 9.32e-011, 1.36e-010, 3.18e-011, 4.18e-012, 4.48e-011, 6.96e-011, 1.44e-011, 2.37e-011, 1.5e-011, 1.15e-012, 1.24e-012, 1.8e-012, 2.13e-013, 1.91e-013, 1.53e-014, 6.8e-014, 5.6e-014, 1.62e-014, 9.28e-015, 3.32e-016, 1.35e-014, 3.48e-015, 1.82e-015, 1.55e-015, 1.38e-015, 1.14e-015, 1.5e-015, 1.03e-015, 1.23e-015, 1.21e-015, 1.2e-015, 1.2e-015
13:44:00, 0.444, 0.256, 3.26, 12.9, 18, 5.31, 0.31, 1.95, 1.07, 8.53, 8.65, 0.444, 0.643, 0.332, 1.46, 0.275, 4.31, 4.3, 0.288, 2.77, 10.5, 8.56, 5.75, 5, 5.4, 0.0625, 1.11, 4.14, 5.61, 2.11, 1.2, 4.14, 3.75, 0.964, 0.91, 4.36, 5.85, 1.75, 1.36, 2.77, 0.893, 0.0271, 0.413, 0.15, 0.55, 0.539, 2.51, 1.99, 1.17, 1.86, 1.97, 0.13, 0.128, 0.414, 0.126, 0.806, 0.384, 1.46, 0.974, 0.226, 0.25, 0.304, 0.879, 1.86, 2.92, 2.92, 1.28, 0.543, 1.92, 1.25, 4.68, 2.46, 0.971, 0.37, 0.979, 0.95, 0.429, 0.196, 0.242, 0.154, 2.01, 1.25, 0.372, 0.696, 0.376, 0.414, 0.226, 1.15, 0.845, 0.365, 1.01, 0.685, 0.422, 0.751, 0.77, 1.09, 1.12, 0.726, 1.45, 28.6, 28.5, 1.07, 0.659, 0.064, 0.13, 0.259, 0.681, 0.512, 0.248, 0.231, 0.321, 0.901, 0.568, 0.149, 0.12, 0.146, 0.286, 0.13, 0.0824, 0.178, 0.159, 0.0992, 0.127, 0.0332, 0.0243, 0.0112, 0.041, 0.152, 0.107, 0.0163, 0.00162, 0.00258, 0.0102, 0.00931, 0.0066, 0.00616, 0.00138, 0.00654, 0.00741, 0.00176, 0.000681, 0.00202, 0.00366, 0.00212, 0.000466, 0.00106, 0.000299, 0.00282, 0.0106, 0.0155, 0.00624, 0.000976, 0.00197, 0.00167, 0.000383, 0.000509, 0.00012, 0.000145, 7.42e-005, 0.000553, 0.000465, 0.000417, 0.000209, 3.86e-005, 9.1e-005, 8.45e-006, 3.44e-005, 6.22e-006, 5.66e-006, 3.86e-006, 1.29e-005, 2.67e-005, 2.77e-005, 7.5e-006, 2.85e-006, 1.41e-005, 8.07e-006, 6.3e-006, 2.2e-005, 1.21e-005, 2.63e-006, 9.34e-007, 4.93e-006, 3.4e-006, 1.4e-006, 3.73e-006, 3.47e-007, 3.53e-007, 1.37e-006, 8.72e-007, 3.66e-007, 9.92e-008, 5.59e-008, 1.11e-007, 3.61e-007, 3.58e-007, 3.74e-007, 7.95e-008, 3.41e-008, 4.88e-007, 2.83e-007, 5.17e-008, 5.82e-008, 6.39e-008, 5.45e-008, 1.67e-008, 5.69e-009, 7.64e-009, 4.05e-008, 3.52e-009, 6.52e-010, 1.62e-009, 2.35e-009, 3.88e-010, 1.6e-010, 1.2e-009, 1.1e-010, 1.37e-009, 4.77e-012, 1.85e-009, 4.64e-010, 1.44e-010, 2.55e-010, 1.27e-011, 1.56e-010, 1.47e-010, 2.89e-011, 8.51e-013, 3.59e-011, 8.04e-011, 6.15e-011, 3.18e-011, 1.77e-011, 1.73e-013, 3.1e-012, 2.81e-012, 1.33e-012, 9.84e-014, 2.61e-013, 5.54e-013, 6.92e-014, 3.93e-013, 1.6e-013, 2.37e-013, 1.14e-013, 2.61e-013, 1.54e-013, 1.78e-013, 1.67e-013, 1.62e-013, 1.6e-013, 1.58e-013, 1.55e-013, 1.53e-013, 1.52e-013, 1.51e-013
13:44:00, 0.487, 3.55, 6.63, 5.01, 15.3, 6.09, 0.495, 1.07, 3.23, 11.9, 6.79, 0.12, 0.158, 0.527, 1.88, 1.57, 4.02, 6.47, 2.97, 7.74, 9.81, 6.36, 5.16, 4.49, 4.78, 1.47, 0.304, 3.25, 5.78, 1.15, 2.06, 3.05, 3.41, 1.34, 0.701, 4.18, 4.72, 2.16, 1.74, 2.55, 0.439, 0.435, 0.458, 0.21, 0.434, 1.29, 1.73, 0.546, 1.31, 2.54, 2.36, 0.635, 0.0546, 0.426, 0.361, 0.258, 0.0878, 0.81, 0.324, 0.0643, 0.0614, 0.818, 1.97, 2.75, 0.987, 1.09, 0.782, 1.1, 2.42, 3.11, 3.94, 2.34, 0.689, 0.0461, 0.625, 1.42, 0.543, 0.0633, 0.118, 0.569, 1.8, 1.08, 0.317, 0.561, 0.012, 0.568, 0.525, 0.655, 0.826, 0.0345, 1.14, 0.996, 0.437, 0.627, 1.08, 0.845, 0.7, 0.44, 0.932, 24.6, 26.6, 0.901, 0.477, 0.137, 0.114, 0.0661, 0.349, 0.608, 0.524, 0.157, 0.437, 0.547, 0.274, 0.219, 0.0932, 0.239, 0.386, 0.103, 0.0504, 0.0611, 0.0602, 0.117, 0.13, 0.0488, 0.0222, 0.00597, 0.025, 0.113, 0.109, 0.0331, 0.00395, 0.00268, 0.00436, 0.0025, 0.00813, 0.00936, 0.00904, 0.0129, 0.00302, 0.00124, 0.00183, 0.000132, 0.00161, 0.00151, 9.44e-005, 0.00197, 0.00174, 0.00354, 0.00971, 0.0183, 0.00599, 0.000785, 0.00216, 0.00089, 1.38e-005, 0.000801, 0.000541, 0.000269, 0.00018, 0.000541, 0.000598, 0.000341, 0.000268, 0.000154, 8.44e-005, 2.38e-005, 4.62e-005, 2.22e-005, 1.43e-005, 1.22e-005, 1.16e-005, 3.82e-005, 3.57e-005, 4.38e-006, 6.53e-006, 1.64e-005, 9.61e-006, 2.31e-006, 1.9e-005, 7.16e-006, 2.43e-006, 3.48e-006, 4.64e-006, 3.03e-006, 3.62e-006, 3.27e-006, 5.19e-007, 8.14e-007, 2.09e-006, 1.2e-006, 3.06e-007, 1.99e-008, 1.33e-007, 7.84e-009, 3.08e-007, 1.42e-007, 4.06e-007, 2.04e-007, 1.22e-007, 6.58e-007, 2.53e-007, 5.12e-008, 6.76e-008, 6.35e-008, 4.18e-008, 3.78e-009, 2.29e-009, 1.2e-008, 4.22e-008, 9.25e-009, 2.06e-009, 3.42e-009, 2.33e-009, 1.38e-010, 3.45e-010, 1.66e-009, 2.66e-010, 1.43e-009, 8.56e-010, 2.02e-009, 4.74e-010, 6.91e-011, 3.25e-010, 1.19e-010, 1.33e-010, 1.33e-010, 3.66e-011, 9.27e-013, 2.64e-011, 6.86e-011, 8.91e-011, 2.88e-011, 1.05e-011, 2.81e-012, 7.95e-012, 2.98e-012, 7.03e-013, 1.15e-013, 2.6e-013, 6.66e-014, 2.04e-013, 4.37e-015, 1.15e-013, 7.76e-014, 2.29e-014, 1.06e-013, 4.58e-014, 5.62e-014, 6.01e-014, 5.71e-014, 5.76e-014, 5.57e-014, 5.66e-014, 5.62e-014, 5.61e-014, 5.61e-014
13:44:00, 0.834, 6.52, 9.62, 0.00606, 11.6, 6.14, 0.103, 0.389, 3.75, 14.5, 7.65, 0.437, 0.0099, 0.224, 2.67, 2.15, 2.36, 7.46, 6.41, 11.1, 5.64, 2.57, 2.02, 1.85, 3.15, 3.35, 1.18, 3.96, 4.25, 0.108, 1.87, 1.32, 1.59, 2.29, 2.01, 2.7, 1.65, 4.24, 4.3, 1.99, 0.158, 0.9, 0.86, 0.423, 0.119, 1.78, 0.811, 0.034, 0.701, 1.85, 2.46, 0.904, 0.181, 0.621, 0.502, 0.225, 0.918, 0.802, 0.0179, 0.0567, 0.0258, 1.38, 3.23, 1.56, 0.288, 0.411, 0.239, 1.16, 2.47, 2.57, 2.58, 0.976, 0.294, 0.0683, 0.607, 1.3, 0.346, 0.03, 0.0761, 0.681, 1.18, 0.82, 0.0424, 0.677, 0.234, 0.549, 0.714, 0.0992, 0.675, 0.176, 1.16, 0.885, 0.169, 0.305, 0.78, 0.434, 0.208, 0.241, 0.998, 19.7, 25, 2.14, 0.105, 0.224, 0.187, 0.262, 0.104, 0.505, 0.765, 0.0136, 0.395, 0.246, 0.0449, 0.181, 0.0185, 0.238, 0.307, 0.141, 0.084, 0.0194, 0.0271, 0.0456, 0.117, 0.0318, 0.0226, 0.00805, 0.019, 0.0556, 0.0602, 0.0419, 0.00889, 0.00661, 0.00659, 0.00279, 0.0073, 0.0218, 0.0229, 0.0173, 0.00528, 0.00233, 0.00196, 0.000538, 0.00127, 0.00048, 0.000833, 0.00269, 0.00255, 0.00318, 0.00374, 0.0164, 0.0056, 0.000423, 0.00158, 0.000404, 0.000159, 0.000863, 0.00106, 0.000359, 9.4e-005, 0.000484, 0.000354, 0.000151, 0.000198, 0.000253, 7.69e-005, 1.26e-005, 7.7e-005, 4.46e-005, 2.05e-005, 2.07e-005, 2.2e-006, 4.01e-005, 4.28e-005, 1.35e-007, 1.01e-005, 8.98e-006, 1.28e-005, 5.72e-006, 1.33e-005, 2.66e-006, 3.18e-007, 6.57e-006, 3.36e-006, 1.74e-006, 4.36e-006, 1.85e-006, 1.14e-006, 1.32e-006, 2.45e-006, 6.92e-007, 2.75e-007, 3.16e-008, 2.3e-007, 1.72e-007, 3.16e-007, 1.61e-008, 3.05e-007, 2.46e-007, 3.98e-007, 8.19e-007, 1.47e-007, 2.81e-008, 4.59e-008, 2.64e-008, 2.74e-008, 1.37e-009, 4.79e-010, 1.48e-008, 4.56e-008, 1.97e-008, 4.23e-009, 6.75e-009, 4.06e-009, 8.29e-010, 1.7e-009, 1.42e-009, 1.27e-009, 1.56e-009, 2e-009, 2.36e-009, 5.29e-010, 6.09e-011, 3.44e-010, 2.72e-010, 7.61e-011, 7.4e-011, 5.32e-011, 1.08e-011, 1.44e-011, 4.14e-011, 7.07e-011, 2e-011, 6.72e-012, 8.49e-012, 8.44e-012, 2.7e-012, 5e-013, 5.47e-013, 1.58e-013, 1.07e-013, 1.01e-013, 7.33e-014, 4.97e-014, 4.2e-014, 9.15e-015, 2.87e-014, 1.9e-014, 1.35e-014, 1.1e-014, 1.01e-014, 9.1e-015, 7.29e-015, 6.74e-015, 5.93e-015, 5.4e-015, 5.09e-015
13:44:00, 0.668, 8.19, 10.9, 2.18, 7.78, 6.76, 0.333, 0.0558, 3.02, 13, 7.83, 0.685, 0.0391, 0.499, 2.45, 2.27, 1.03, 8.77, 3, 13.1, 3.16, 1.15, 0.118, 0.313, 1.25, 3.23, 2.49, 4.14, 2.23, 0.488, 1.37, 0.174, 0.3, 2.94, 4.49, 1.15, 0.384, 4.75, 7.38, 2.16, 0.253, 0.747, 1.03, 0.634, 0.201, 1.86, 0.515, 0.0043, 0.472, 0.417, 1.95, 0.828, 0.135, 0.703, 0.841, 0.676, 1.88, 1.38, 0.299, 0.41, 0.377, 2.29, 2.88, 0.46, 0.246, 0.497, 0.468, 1.41, 1.34, 1.05, 1.02, 0.119, 0.229, 0.0682, 0.817, 0.723, 0.163, 0.0296, 0.0998, 0.407, 0.464, 0.471, 0.425, 1.05, 0.365, 0.327, 0.723, 0.0647, 0.459, 0.634, 0.977, 0.543, 0.0105, 0.122, 0.477, 0.39, 0.112, 0.187, 0.306, 15.8, 23.8, 1.73, 0.157, 0.0364, 0.44, 0.546, 0.215, 0.587, 0.749, 0.109, 0.307, 0.1, 0.00938, 0.135, 0.0342, 0.183, 0.109, 0.203, 0.146, 0.0771, 0.0341, 0.0455, 0.0913, 0.0036, 0.0214, 0.00315, 0.00598, 0.0238, 0.0123, 0.0316, 0.0162, 0.00643, 0.0116, 0.00303, 0.00655, 0.0304, 0.0276, 0.0132, 0.00922, 0.00589, 0.00069, 0.00156, 0.0019, 6.04e-005, 0.00235, 0.00295, 0.0012, 0.00193, 0.0005, 0.0124, 0.0063, 0.000736, 0.000802, 0.000116, 0.000256, 0.000775, 0.00114, 0.000343, 7.64e-006, 0.000365, 9.71e-005, 4.12e-005, 6.38e-005, 0.000241, 7.68e-005, 1.69e-005, 0.000105, 4.63e-005, 1.35e-005, 2.47e-005, 3.7e-006, 3.99e-005, 4.1e-005, 8.3e-006, 1.44e-005, 2.64e-007, 2.24e-005, 1.94e-005, 5.82e-006, 6.84e-007, 3.01e-007, 7.65e-006, 5.31e-006, 2.99e-006, 2.76e-006, 6.36e-007, 1.18e-006, 1.24e-006, 2.28e-006, 1.95e-007, 2.64e-007, 1.61e-007, 2.67e-007, 5.05e-007, 4.33e-007, 1.61e-007, 1.26e-007, 1.46e-007, 5.64e-007, 9.41e-007, 1.18e-007, 5.27e-009, 2.66e-008, 1.65e-010, 2.02e-008, 2.77e-009, 5.51e-011, 1.26e-008, 4.3e-008, 2.18e-008, 4.81e-009, 6.34e-009, 8.83e-009, 3.5e-009, 1.8e-009, 9.41e-010, 1.41e-009, 1.54e-009, 1.32e-009, 2.72e-009, 6.93e-010, 8.35e-011, 2.32e-010, 3.62e-010, 2.36e-011, 3.91e-011, 4.32e-011, 2.75e-011, 1.74e-012, 1.24e-011, 4.25e-011, 1.54e-011, 5.12e-012, 1.19e-011, 5.06e-012, 2.23e-012, 5.8e-013, 2.43e-013, 7.15e-013, 5.19e-014, 1.15e-013, 3.68e-014, 6.95e-014, 7.7e-015, 3.45e-014, 1.16e-014, 1.08e-014, 1.61e-014, 1.17e-014, 1.28e-014, 1.21e-014, 1.16e-014, 1.1e-014, 1.08e-014, 1.06e-014, 1.04e-014
13:44:00, 0.78, 8.42, 12.7, 3.26, 4.42, 9.25, 1.69, 0.224, 1.85, 9.21, 5.23, 0.904, 0.243, 1.37, 1.16, 2.08, 3.93, 10.6, 0.189, 15.3, 7.44, 0.804, 0.0585, 0.214, 0.981, 2.27, 1.71, 3.62, 0.468, 1.39, 1.04, 0.148, 0.0327, 2.73, 5.84, 0.977, 0.245, 3.43, 7.92, 2.82, 0.23, 0.463, 0.55, 0.671, 0.924, 1.55, 0.66, 0.0825, 0.739, 0.0826, 1.48, 0.375, 0.00962, 0.751, 0.978, 0.859, 2.16, 2.13, 0.882, 0.783, 1.17, 2.65, 1.53, 0.226, 0.204, 0.616, 0.774, 2.17, 0.583, 0.456, 0.131, 0.124, 0.331, 0.308, 0.687, 0.221, 0.137, 0.0341, 0.0786, 0.174, 0.0891, 0.193, 0.909, 1.45, 0.392, 0.304, 0.642, 0.362, 0.297, 0.529, 0.857, 0.12, 0.402, 0.354, 0.699, 0.642, 0.24, 0.0994, 0.0816, 15, 22.8, 0.903, 0.277, 0.0926, 0.5, 0.587, 0.535, 0.675, 0.513, 0.282, 0.203, 0.0886, 0.0125, 0.139, 0.196, 0.117, 0.0142, 0.158, 0.144, 0.129, 0.071, 0.105, 0.0901, 0.0124, 0.0194, 0.00411, 0.00318, 0.0153, 0.00109, 0.0167, 0.0174, 0.00183, 0.0151, 0.00843, 0.0117, 0.0235, 0.0195, 0.00447, 0.009, 0.01, 0.00167, 0.00328, 0.00332, 0.000846, 0.00261, 0.0029, 2.16e-005, 0.000995, 0.00122, 0.00859, 0.00751, 0.000507, 0.000528, 4.79e-005, 0.000119, 0.000493, 0.000818, 0.000206, 4.72e-005, 0.000278, 7.49e-005, 1.78e-005, 4.9e-005, 0.000153, 5.09e-005, 5.69e-005, 0.000113, 2.96e-005, 4.3e-006, 1.73e-005, 2.27e-005, 3.64e-005, 2.35e-005, 2.22e-005, 1.61e-005, 8.7e-006, 3.83e-005, 2.79e-005, 1.4e-006, 4.33e-007, 6.45e-007, 9.3e-006, 1.09e-005, 6.05e-006, 1.79e-006, 2.32e-007, 6.98e-007, 3.85e-007, 2.07e-006, 5.39e-007, 2.92e-007, 1.02e-007, 3.14e-007, 4.89e-007, 6.34e-007, 2.85e-007, 1.69e-008, 3.66e-008, 3.84e-007, 9.86e-007, 2.68e-007, 1.43e-008, 3.59e-008, 1.25e-008, 1.34e-008, 1.73e-009, 5.24e-010, 1.6e-008, 2.98e-008, 1.22e-008, 3.84e-009, 4.99e-009, 1.37e-008, 5.13e-009, 9.02e-010, 2.86e-010, 8.27e-010, 1.09e-009, 2.02e-010, 2.62e-009, 1.1e-009, 9.12e-011, 1.28e-010, 3.44e-010, 6.82e-011, 1.61e-011, 2.48e-011, 2.68e-011, 2.32e-012, 2.15e-012, 2.23e-011, 1.18e-011, 9.42e-012, 1.1e-011, 4.14e-013, 9.29e-013, 1.29e-012, 1.33e-013, 9.52e-013, 6.71e-014, 4.36e-013, 7.48e-014, 3.26e-014, 1.17e-013, 1.17e-013, 6.34e-014, 6.65e-014, 6.88e-014, 6.89e-014, 6.18e-014, 5.94e-014, 5.69e-014, 5.54e-014, 5.39e-014, 5.29e-014, 5.23e-014
13:44:01, 1.01, 8.81, 13.2, 1.53, 2.03, 12.5, 4.37, 0.113, 1.51, 5.22, 1.94, 0.815, 0.276, 2.41, 1.38, 3.46, 10.7, 7.4, 5.81, 19.9, 13.3, 1.61, 0.348, 1.29, 3.14, 1.65, 0.916, 2.72, 0.0762, 1.43, 0.911, 0.113, 0.00297, 2.72, 6.06, 0.929, 0.221, 1.76, 6.1, 2.69, 0.0686, 0.295, 0.12, 0.456, 1.53, 0.863, 0.577, 0.345, 0.864, 1.35, 1.77, 0.000235, 0.239, 0.782, 0.685, 0.409, 1.67, 2.15, 0.981, 0.788, 1.56, 1.97, 0.481, 0.247, 0.252, 0.482, 0.49, 2.41, 1.57, 0.54, 0.054, 0.564, 0.766, 0.445, 0.393, 0.0787, 0.213, 0.219, 0.067, 0.141, 0.0281, 0.0832, 0.828, 1.38, 0.7, 0.511, 0.45, 0.346, 0.323, 0.342, 1.17, 0.184, 1.07, 0.972, 0.855, 0.676, 0.278, 0.243, 0.976, 18, 22.2, 1.46, 0.158, 0.258, 0.413, 0.265, 0.707, 0.478, 0.251, 0.197, 0.12, 0.0852, 0.0151, 0.178, 0.25, 0.0857, 0.0426, 0.0929, 0.0534, 0.144, 0.0605, 0.141, 0.121, 0.0186, 0.0183, 0.0273, 0.0214, 0.0123, 0.00545, 0.0117, 0.0102, 0.00058, 0.0169, 0.0184, 0.0157, 0.00811, 0.0091, 0.000612, 0.00495, 0.0119, 0.00424, 0.00484, 0.00579, 0.00132, 0.0018, 0.003, 0.000393, 0.000774, 0.00123, 0.00562, 0.00748, 0.000231, 0.000729, 0.000286, 3.93e-006, 0.000231, 0.000356, 0.000167, 6.5e-005, 0.000284, 0.000119, 2.44e-005, 7.91e-005, 0.000102, 3.4e-006, 0.000101, 7.53e-005, 2.6e-005, 5.3e-006, 3.27e-006, 3.95e-005, 2.98e-005, 5.68e-006, 2.38e-005, 1.04e-005, 2.45e-005, 5.52e-005, 2.56e-005, 8.19e-007, 3.8e-007, 1.29e-006, 1.09e-005, 1.32e-005, 7.2e-006, 1.61e-006, 4.37e-007, 2.3e-007, 8.42e-008, 1.66e-006, 1.48e-006, 3.71e-007, 9.87e-009, 2.79e-007, 1.78e-007, 6.66e-007, 3.42e-007, 8.07e-009, 1.53e-009, 1.73e-007, 7.8e-007, 5.47e-007, 1.09e-007, 6.29e-008, 1.5e-008, 1.4e-008, 1.5e-009, 3.23e-009, 1.67e-008, 1.83e-008, 1.17e-009, 6.45e-009, 8.19e-009, 1.48e-008, 3.48e-009, 2.6e-010, 8.29e-011, 4.36e-010, 4.93e-010, 2.4e-010, 2.19e-009, 1.22e-009, 8.62e-011, 1.29e-010, 3.25e-010, 9.09e-011, 6.66e-012, 3.71e-012, 4.01e-011, 8.9e-012, 7.92e-012, 1.11e-011, 2.2e-012, 1.5e-011, 4.93e-012, 1.68e-013, 2.12e-013, 1.32e-013, 8.35e-013, 4.74e-014, 2.58e-013, 1.6e-013, 3.09e-014, 5.78e-016, 3.83e-014, 1.92e-014, 6.99e-015, 9.93e-015, 7.12e-015, 4.59e-015, 6.03e-015, 4.44e-015, 3.93e-015, 3.49e-015, 3.1e-015, 2.84e-015, 2.68e-015
13:44:01, 0.000789, 5.98, 13.5, 0.381, 1.47, 14.9, 9.72, 1.05, 0.404, 3.67, 0.699, 0.721, 0.0192, 3.1, 6.13, 10.9, 14.6, 2.1, 10.8, 26, 12.9, 2.34, 2.11, 4.74, 5.69, 1.65, 1.27, 1.99, 0.532, 1.09, 0.994, 0.0484, 0.282, 2.4, 5.68, 1.23, 0.225, 0.961, 3.62, 1.49, 0.22, 0.265, 0.0232, 0.168, 1.61, 0.313, 0.59, 0.351, 0.713, 3.56, 2.97, 0.487, 0.67, 0.52, 0.357, 0.0755, 0.679, 1.58, 0.361, 0.65, 0.736, 1.25, 0.0683, 0.202, 0.259, 0.262, 0.0516, 2.17, 3, 0.743, 0.143, 0.898, 2.06, 0.36, 0.519, 0.358, 0.261, 0.428, 0.272, 0.19, 0.0469, 0.0902, 0.553, 0.661, 1.07, 0.538, 0.241, 0.0769, 0.524, 0.956, 1.85, 0.986, 1.28, 1.33, 0.635, 0.309, 0.413, 0.111, 1.84, 20.7, 22.1, 1.53, 0.142, 0.295, 0.213, 0.0216, 0.613, 0.369, 0.167, 0.0932, 0.067, 0.0703, 0.0411, 0.148, 0.208, 0.0386, 0.0857, 0.0683, 0.0232, 0.132, 0.0064, 0.143, 0.132, 0.0116, 0.02, 0.0612, 0.0503, 0.00814, 0.00676, 0.00836, 0.00368, 0.00799, 0.0139, 0.0191, 0.0142, 0.000287, 0.00367, 0.000604, 0.00326, 0.01, 0.00425, 0.00423, 0.00764, 0.00204, 0.00235, 0.00427, 0.000283, 0.000859, 0.000238, 0.00385, 0.00607, 0.00119, 0.000844, 0.000519, 7.92e-005, 0.000125, 6.88e-005, 0.000214, 0.00012, 0.000281, 8.48e-005, 3.6e-005, 5.43e-005, 7.17e-005, 2.21e-005, 0.00012, 2.17e-005, 3.37e-005, 1.76e-005, 1.92e-006, 3.7e-005, 3.14e-005, 7.71e-006, 1.48e-005, 2.3e-006, 2.86e-005, 6.13e-005, 1.78e-005, 1.11e-006, 4.24e-007, 3e-006, 1.01e-005, 7.68e-006, 5.84e-006, 1.08e-006, 4.68e-007, 1.75e-007, 1.21e-007, 1.42e-006, 1.76e-006, 5.3e-007, 1.08e-007, 1.38e-007, 2.8e-009, 5.29e-007, 3.98e-007, 3.91e-008, 3.95e-008, 5.01e-008, 4.95e-007, 6.99e-007, 2.28e-007, 9.55e-008, 1.1e-009, 2.42e-008, 8.48e-009, 4.35e-009, 1.12e-008, 1.27e-008, 1.22e-009, 8.71e-009, 1.76e-008, 1.02e-008, 1.16e-009, 4.27e-010, 2.8e-010, 5.41e-010, 1.61e-010, 5.84e-010, 2.18e-009, 6.09e-010, 1.51e-010, 2e-010, 1.87e-010, 1.02e-010, 2.01e-013, 1.36e-011, 4.32e-011, 3.59e-011, 1.82e-011, 8.51e-012, 6.39e-012, 5.18e-012, 5.3e-012, 1.74e-012, 1.59e-012, 3.43e-013, 1.67e-012, 5.58e-013, 1.96e-013, 1.3e-012, 5.01e-013, 8.42e-013, 4.73e-013, 7.59e-013, 5.81e-013, 6.34e-013, 5.93e-013, 6.22e-013, 5.98e-013, 6.02e-013, 5.96e-013, 5.95e-013, 5.92e-013, 5.9e-013, 5.89e-013
13:44:01, 0.0947, 6.8, 20.3, 2.43, 5.97, 10.6, 14.2, 6.64, 1.51, 5.47, 2.39, 0.666, 0.0799, 2.89, 12.5, 22.2, 14.4, 0.0276, 8.84, 26, 9.77, 1.26, 5.23, 9.11, 6.28, 1.2, 1.29, 1.61, 0.354, 0.914, 1.16, 0.404, 0.945, 1.17, 4.07, 3.23, 0.675, 1.6, 1.07, 0.888, 0.11, 0.571, 0.244, 0.104, 1.61, 0.695, 0.754, 0.378, 0.737, 5.24, 4.51, 1.11, 0.837, 0.147, 0.372, 0.438, 0.0106, 1.09, 0.103, 0.358, 0.0345, 0.871, 0.243, 0.104, 0.119, 0.0889, 0.0451, 1.77, 3.41, 0.969, 0.029, 1.24, 3.24, 1.46, 1.27, 0.839, 0.0813, 0.631, 0.606, 0.0702, 0.166, 0.301, 0.439, 0.301, 0.856, 0.289, 0.0937, 0.0672, 0.686, 1.62, 2.45, 1.39, 0.896, 0.896, 0.389, 0.0611, 0.432, 0.0239, 1.63, 19.3, 22.1, 1.01, 0.367, 0.101, 0.0485, 0.0779, 0.561, 0.618, 0.327, 0.177, 0.0571, 0.0257, 0.0492, 0.0607, 0.168, 0.00433, 0.105, 0.0532, 0.0554, 0.128, 0.0264, 0.0991, 0.098, 0.0239, 0.0233, 0.0661, 0.085, 0.0112, 0.00939, 0.0049, 0.00126, 0.0125, 0.0101, 0.00739, 0.0143, 0.00181, 0.00118, 0.000362, 0.00319, 0.00733, 0.00118, 0.0022, 0.00602, 0.005, 0.00534, 0.00523, 0.000313, 0.00101, 0.000792, 0.00344, 0.00353, 0.00173, 0.000756, 0.000556, 0.00019, 5.74e-005, 3.01e-005, 0.000317, 0.000346, 0.000159, 4.17e-005, 1.04e-005, 3.01e-005, 2.54e-005, 8.17e-005, 0.000157, 1.96e-005, 3.73e-005, 2.8e-005, 1.59e-005, 1.93e-005, 3.81e-005, 2.97e-005, 5.99e-006, 7.52e-008, 2.13e-005, 5.49e-005, 8.92e-006, 7e-007, 6.99e-007, 3.22e-006, 6.63e-006, 1.78e-006, 3.77e-006, 9.17e-007, 5.37e-007, 4.21e-007, 3.22e-007, 1.06e-006, 1.11e-006, 7.04e-007, 1.26e-007, 5.81e-008, 3.34e-008, 4.18e-007, 4.48e-007, 1.98e-008, 8.65e-008, 2.63e-008, 4.64e-007, 5.1e-007, 2.13e-007, 1.33e-007, 1.47e-008, 3.34e-008, 2.4e-008, 2.96e-009, 9.05e-009, 1e-008, 2.53e-009, 8.92e-009, 2.19e-008, 6.58e-009, 5.77e-011, 7.6e-010, 6.07e-010, 8.18e-010, 4.48e-011, 6.14e-010, 1.97e-009, 3.23e-010, 1.35e-010, 2.27e-010, 5.79e-011, 6.49e-011, 4.21e-012, 2.94e-011, 7.26e-011, 4.73e-011, 1.12e-011, 1.55e-011, 1.71e-012, 9.59e-012, 4.46e-013, 3.78e-013, 1.64e-012, 3.82e-015, 1.02e-012, 5.99e-014, 5.93e-013, 5.52e-014, 2.7e-013, 3.59e-013, 1.34e-013, 3.06e-013, 1.98e-013, 2.01e-013, 2.27e-013, 2.08e-013, 2.13e-013, 2.07e-013, 2.05e-013, 2.04e-013, 2.03e-013, 2.02e-013, 2.02e-013
13:44:01, 3.42, 19.7, 33.4, 15.3, 11, 2.4, 14.7, 12.1, 7.63, 9.2, 4.11, 1, 0.121, 2.7, 16.4, 22.3, 13.2, 2.47, 3.1, 19.9, 9.55, 1.22, 5.68, 9.89, 5.66, 0.212, 0.411, 1.54, 0.0718, 0.658, 0.934, 1.15, 1.23, 0.0686, 2.57, 3.81, 2.45, 2.18, 0.0441, 0.639, 0.151, 1.29, 0.872, 0.688, 1.26, 1.28, 1.2, 0.364, 0.956, 5.56, 4.91, 0.908, 0.633, 0.422, 0.775, 1.39, 0.651, 1.06, 0.0806, 0.391, 0.397, 0.795, 0.295, 0.25, 0.282, 0.217, 0.271, 1.34, 2.49, 1.22, 0.0434, 1.05, 3.74, 2.77, 1.95, 1.32, 0.0591, 0.93, 0.98, 0.0273, 0.409, 1.02, 0.894, 0.687, 0.27, 0.115, 0.0212, 0.18, 0.751, 1.17, 2.37, 1.08, 0.366, 0.41, 0.2, 0.373, 0.854, 0.357, 0.293, 16.4, 21.1, 1.44, 0.192, 0.0763, 0.0203, 0.134, 0.597, 0.808, 0.457, 0.299, 0.0677, 0.00961, 0.00931, 0.00549, 0.145, 0.0877, 0.0967, 0.0305, 0.0598, 0.136, 0.0921, 0.0563, 0.0319, 0.0746, 0.0204, 0.0424, 0.112, 0.0301, 0.00876, 0.00344, 0.00379, 0.00962, 0.00514, 0.00182, 0.0192, 0.00576, 6.12e-007, 0.000508, 0.00331, 0.00529, 1.87e-005, 0.000348, 0.00273, 0.00677, 0.00881, 0.00419, 0.00105, 0.000875, 0.00202, 0.00336, 0.000921, 0.00126, 0.000271, 0.00055, 0.000142, 4.43e-005, 0.000111, 0.000339, 0.000507, 7.92e-005, 1.81e-005, 1.52e-006, 7.33e-006, 4.61e-006, 8.27e-005, 0.000225, 9.16e-005, 2.81e-005, 2.15e-005, 4.44e-005, 1.42e-006, 4.98e-005, 4.88e-005, 4.93e-006, 2.99e-007, 1.79e-005, 4.29e-005, 4.8e-006, 1.63e-006, 1.84e-006, 2.57e-006, 3.89e-006, 2.78e-006, 3.84e-006, 8.92e-007, 5.64e-007, 1.26e-006, 1.15e-006, 4.11e-007, 5.69e-007, 5.83e-007, 4.62e-008, 4.24e-008, 2.26e-008, 4.05e-007, 5.13e-007, 5.56e-009, 1.36e-007, 1.77e-007, 5.99e-007, 2.48e-007, 8.94e-008, 1.55e-007, 4.5e-008, 2.41e-008, 4e-008, 1.31e-008, 1.29e-008, 4.95e-009, 1.12e-009, 7.52e-009, 1.71e-008, 5.66e-009, 1.93e-010, 3.11e-010, 1.52e-009, 7.33e-010, 6.43e-011, 7.57e-010, 1.43e-009, 3.23e-010, 1.99e-010, 2.21e-010, 2.99e-011, 4.98e-011, 3.88e-012, 3.86e-011, 1.11e-010, 3.53e-011, 7e-012, 2e-011, 8.94e-013, 3.28e-012, 4.19e-012, 7.22e-013, 1.32e-012, 1.12e-014, 8.36e-013, 2.12e-013, 2.8e-013, 4.18e-013, 1.94e-013, 1.91e-013, 2.58e-013, 3.15e-013, 1.97e-013, 2.28e-013, 2.48e-013, 2.32e-013, 2.3e-013, 2.31e-013, 2.3e-013, 2.29e-013, 2.28e-013, 2.28e-013, 2.27e-013
13:44:01, 0.00846, 19.7, 33.3, 32.1, 17.3, 1.64, 11.4, 8.84, 14.7, 12.6, 2.19, 1.95, 0.37, 3.29, 14, 11.2, 9.77, 5.27, 0.281, 13.7, 11, 2.81, 2.72, 6.2, 5.72, 0.309, 0.114, 1.93, 0.871, 0.314, 0.471, 1.5, 0.798, 0.29, 1.78, 1.78, 4.29, 2.2, 0.187, 0.468, 0.885, 1.73, 1.61, 1.63, 0.67, 1.15, 1.88, 0.114, 1.3, 4.02, 3.68, 0.397, 0.419, 0.859, 1.51, 2.44, 2.07, 1.47, 0.0752, 0.907, 1.81, 1.25, 0.054, 1.08, 1.34, 1.02, 1.15, 0.654, 1.54, 1.96, 0.0977, 0.86, 3.12, 2.46, 1.62, 1.45, 0.602, 0.966, 1.17, 0.45, 0.731, 1.38, 1.84, 1.36, 0.084, 0.124, 0.0372, 0.0939, 0.722, 0.238, 1.76, 1, 0.308, 0.361, 0.207, 1.24, 1.23, 0.896, 0.184, 15.4, 19.4, 1.46, 0.183, 0.0626, 0.0213, 0.097, 0.436, 0.775, 0.215, 0.396, 0.128, 0.0206, 0.0013, 0.00476, 0.156, 0.248, 0.0444, 0.0265, 0.0458, 0.175, 0.0425, 0.0644, 0.0267, 0.117, 0.0233, 0.0442, 0.109, 0.0362, 0.00912, 0.000383, 0.0101, 0.00398, 0.00253, 0.00704, 0.0225, 0.0107, 0.00122, 0.00143, 0.00228, 0.00602, 0.00106, 0.00148, 0.000543, 0.00695, 0.00871, 0.00193, 0.0013, 0.000555, 0.00182, 0.00285, 5.81e-005, 0.00068, 1.57e-005, 0.000402, 0.000232, 0.000114, 0.000121, 0.000247, 0.000481, 0.000104, 2.48e-005, 1.64e-005, 2.01e-007, 2.22e-006, 6.96e-005, 0.000242, 0.000161, 2.73e-005, 1.52e-005, 7.67e-005, 2.42e-005, 6.53e-005, 4.44e-005, 8.48e-006, 1.89e-006, 1.2e-005, 3.08e-005, 1.08e-005, 4.12e-006, 8.3e-006, 6.48e-006, 7.93e-006, 1.1e-005, 5.47e-006, 2.39e-007, 1.12e-006, 1.87e-006, 1.9e-006, 4.52e-007, 5e-007, 2.67e-007, 2.03e-008, 3.24e-008, 4.67e-009, 4.32e-007, 6.2e-007, 1.11e-007, 9.43e-008, 2.93e-007, 7.34e-007, 1.82e-007, 4.03e-008, 9.46e-008, 7.83e-008, 1.58e-009, 5.51e-008, 3.86e-008, 1.34e-008, 6.36e-010, 5.85e-010, 5.77e-009, 9.36e-009, 4.29e-009, 8.92e-010, 1.69e-010, 2.4e-009, 9e-010, 5.55e-011, 1.01e-009, 9.43e-010, 1.42e-010, 4.65e-010, 2.6e-010, 1.01e-010, 4.33e-011, 4.65e-012, 4.5e-011, 9.69e-011, 5.11e-011, 2.27e-011, 1.81e-011, 9.86e-013, 3.64e-012, 3.22e-012, 1.8e-012, 4.21e-013, 7.36e-014, 3.14e-013, 2.73e-013, 1.25e-013, 1e-013, 2.14e-013, 5.02e-014, 1.45e-013, 1.3e-013, 6.55e-014, 1.17e-013, 7.86e-014, 8.59e-014, 7.88e-014, 7.65e-014, 7.43e-014, 7.22e-014, 7.04e-014, 6.92e-014, 6.85e-014
13:44:01, 2.77, 19.9, 18, 31.2, 29.3, 10, 4.98, 2.6, 13.8, 16, 0.193, 3.74, 1.26, 2.43, 8.32, 2.43, 4.63, 4.51, 1.57, 9.67, 8.9, 2.94, 0.476, 1.73, 6.2, 2.64, 1.73, 2.43, 1.68, 0.232, 0.335, 1.2, 0.155, 1.11, 1.66, 0.275, 4.05, 2.06, 0.274, 0.371, 1.27, 1.68, 1.31, 2.01, 0.698, 1.24, 2.56, 0.2, 1.31, 1.63, 1.91, 0.48, 0.269, 0.87, 1.62, 2.64, 2.87, 1.31, 0.604, 1.85, 3.31, 1.71, 0.638, 2.43, 3.2, 1.92, 1.69, 0.908, 1.92, 3.3, 0.398, 1.37, 1.55, 1.13, 0.521, 1.16, 1.31, 0.433, 1.13, 1.12, 0.57, 1.12, 1.93, 1.9, 0.476, 0.233, 0.12, 0.00385, 0.583, 0.143, 1.31, 1.33, 0.481, 0.268, 0.573, 1.65, 1.63, 0.49, 0.969, 17, 18.5, 0.294, 0.391, 0.0115, 0.00483, 0.0699, 0.188, 0.603, 0.0145, 0.432, 0.308, 0.0336, 0.00269, 0.0169, 0.206, 0.383, 0.0466, 0.0698, 0.168, 0.219, 0.0062, 0.115, 0.092, 0.108, 0.0387, 0.0577, 0.0988, 0.00987, 0.0167, 0.00481, 0.0146, 0.0022, 0.00142, 0.011, 0.0221, 0.0117, 0.00448, 0.00358, 0.000373, 0.00936, 0.00523, 0.00465, 0.00233, 0.00978, 0.00685, 0.000488, 0.000805, 0.000308, 0.000598, 0.00225, 0.000965, 0.000475, 4.77e-005, 0.000295, 0.000528, 0.000357, 0.000124, 0.000261, 0.000321, 9.97e-005, 7.03e-005, 3.62e-005, 8.06e-006, 1.27e-005, 5.59e-005, 0.000188, 0.000142, 3.73e-005, 2.87e-005, 8.63e-005, 8.7e-005, 6.39e-005, 2.24e-005, 1.02e-005, 3.34e-006, 3.8e-006, 2.17e-005, 1.12e-005, 9.51e-006, 1.88e-005, 1.51e-005, 1.54e-005, 1.79e-005, 7.19e-006, 4.8e-007, 1.34e-006, 1.62e-006, 1.6e-006, 1.27e-006, 5.27e-007, 1.02e-007, 5.16e-009, 3.73e-008, 1.07e-007, 5.04e-007, 5.66e-007, 2.19e-007, 5.01e-008, 2.29e-007, 7.68e-007, 2.47e-007, 3.52e-008, 2.34e-008, 9.85e-008, 1.64e-008, 6.98e-008, 4.45e-008, 1.14e-008, 9.64e-010, 3.36e-009, 5.16e-009, 3.09e-009, 1.3e-009, 1.87e-009, 1.34e-009, 3.55e-009, 1.14e-009, 1.6e-010, 8.05e-010, 8.68e-010, 7.28e-011, 5.73e-010, 2.48e-010, 1.68e-010, 6.51e-011, 1.9e-011, 1.73e-011, 6.59e-011, 6.63e-011, 5.07e-011, 3.17e-011, 4.53e-012, 1.52e-012, 1.65e-012, 2.02e-012, 8.54e-015, 1.98e-013, 1.33e-013, 8.69e-014, 2.2e-013, 3.85e-014, 1e-013, 4.18e-014, 7.99e-014, 4.06e-014, 5e-014, 3.38e-014, 3.09e-014, 2.35e-014, 2.26e-014, 1.74e-014, 1.51e-014, 1.32e-014, 1.14e-014, 1.02e-014, 9.49e-015
13:44:01, 6.18, 18.6, 4.73, 18.6, 40.7, 13.6, 1.01, 0.0532, 7.54, 17.3, 4.72, 6.23, 2.18, 1.36, 3.69, 0.482, 1.76, 3.17, 2.34, 7.15, 3.23, 1.72, 0.0138, 0.274, 4.72, 6.6, 3.96, 1.7, 1.78, 0.628, 0.0987, 1.13, 0.265, 2.08, 1.66, 0.696, 2.86, 1.3, 0.168, 0.193, 1.05, 0.954, 0.423, 1.48, 1.51, 1.87, 2.6, 0.976, 0.845, 0.17, 0.879, 0.383, 0.331, 0.303, 1.14, 1.37, 2.58, 0.578, 0.973, 3, 3.3, 1.5, 1.36, 3.6, 4.16, 1.91, 1.04, 1.82, 3.64, 3.66, 1.22, 1.54, 0.559, 0.335, 0.0817, 0.744, 1.15, 0.169, 1.12, 1.58, 0.0788, 0.664, 0.879, 2, 0.99, 0.321, 0.122, 0.0504, 0.478, 0.79, 1.08, 1.01, 0.539, 0.0726, 0.72, 1.74, 0.807, 0.466, 0.65, 19, 20.9, 0.746, 0.493, 0.0311, 0.0364, 0.0869, 0.222, 0.382, 0.0786, 0.437, 0.638, 0.0608, 0.0108, 0.0549, 0.159, 0.425, 0.228, 0.191, 0.311, 0.252, 0.112, 0.184, 0.0973, 0.0808, 0.0321, 0.0552, 0.0908, 0.00283, 0.0224, 0.0217, 0.0157, 0.00222, 0.00183, 0.00659, 0.0189, 0.00542, 0.00725, 0.00729, 0.0038, 0.0123, 0.00858, 0.00681, 0.00693, 0.0118, 0.00825, 0.00183, 0.000966, 0.000164, 0.000142, 0.00136, 0.0021, 0.000565, 1.77e-006, 0.000379, 0.000566, 0.00059, 0.000378, 0.000492, 0.000172, 6.53e-005, 8.63e-005, 5.11e-005, 3.13e-005, 2.78e-005, 1.69e-005, 0.000131, 5.21e-005, 5.31e-005, 3.28e-005, 6.19e-005, 0.000136, 3.75e-005, 6.2e-006, 5.87e-006, 2.93e-006, 1.61e-006, 1.75e-005, 2.52e-006, 1.53e-005, 2.32e-005, 1.74e-005, 1.59e-005, 1.72e-005, 7.1e-006, 9.02e-007, 1.48e-006, 8.96e-007, 1.11e-006, 1.93e-006, 2.82e-007, 5.5e-008, 1.76e-009, 6.62e-008, 3.22e-007, 4.09e-007, 3.7e-007, 1.44e-007, 4.23e-008, 2.04e-007, 7.33e-007, 1.74e-007, 3.73e-008, 1.92e-008, 1.2e-007, 6.15e-008, 5.61e-008, 3.54e-008, 4.02e-009, 7.86e-009, 9.72e-009, 3.3e-009, 1.05e-009, 3.51e-010, 2.34e-009, 4.17e-009, 3.32e-009, 1.26e-009, 3.78e-010, 3.05e-010, 1.17e-009, 5.48e-010, 3.81e-010, 1.19e-010, 1.58e-010, 1.11e-010, 2.06e-011, 1.29e-012, 3.38e-011, 4.5e-011, 6.59e-011, 5.99e-011, 4.88e-012, 1.01e-012, 1.6e-012, 9.51e-013, 2.66e-013, 4.22e-013, 2.52e-013, 2.14e-013, 9.08e-015, 2.88e-013, 3.92e-014, 8.93e-014, 8.37e-014, 3.3e-014, 8.61e-014, 2.59e-014, 3.08e-014, 2.35e-014, 1.89e-014, 1.41e-014, 9.26e-015, 6.07e-015, 3.4e-015, 1.51e-015, 3.84e-016
13:44:02, 1.07, 12, 3.17, 12.4, 38.7, 10.6, 0.122, 0.235, 3.88, 14.5, 10.8, 7.41, 3.37, 2.51, 1.93, 0.322, 2.35, 2.23, 0.92, 5.61, 0.0837, 1.65, 0.128, 0.357, 2.4, 8.81, 5.04, 0.381, 1.3, 1.49, 0.107, 1.47, 1.36, 2.8, 1.88, 0.775, 2.03, 0.546, 0.0378, 0.0985, 0.826, 0.131, 0.132, 1.1, 1.84, 1.55, 2.17, 1.17, 0.314, 0.125, 0.605, 0.0192, 0.332, 0.0407, 0.646, 0.238, 1.74, 0.19, 0.82, 3.26, 1.86, 0.811, 0.936, 3.69, 3.51, 0.759, 0.231, 2.08, 4.98, 2.24, 1.62, 0.922, 0.523, 0.453, 0.516, 0.403, 0.441, 0.503, 1.62, 1.92, 0.124, 0.149, 0.15, 1.47, 1.19, 0.156, 0.16, 0.0361, 0.488, 1.07, 0.682, 0.321, 0.495, 0.0219, 0.475, 1.18, 0.286, 0.32, 0.474, 20.2, 25.2, 3.43, 0.577, 0.105, 0.2, 0.196, 0.371, 0.282, 0.0425, 0.531, 0.984, 0.244, 0.0962, 0.0867, 0.0593, 0.369, 0.344, 0.358, 0.264, 0.208, 0.263, 0.187, 0.0513, 0.0465, 0.0366, 0.0698, 0.0775, 0.014, 0.028, 0.0312, 0.0157, 0.000508, 0.00444, 0.000368, 0.019, 0.00103, 0.00773, 0.00811, 0.0118, 0.0136, 0.00462, 0.00742, 0.00703, 0.0095, 0.00873, 0.00547, 0.00304, 0.000618, 0.000244, 0.000967, 0.00255, 0.000451, 0.000116, 0.000475, 0.000247, 0.000566, 0.000594, 0.000694, 0.000287, 0.000118, 1.44e-005, 8.88e-005, 3.55e-005, 2.72e-005, 2.69e-006, 9.95e-005, 1.81e-005, 5.11e-005, 3.27e-005, 5.14e-005, 0.000139, 1.33e-005, 1.67e-007, 2.97e-006, 7.76e-007, 7.46e-006, 1.76e-005, 1.21e-006, 1.44e-005, 1.74e-005, 9.83e-006, 7.91e-006, 1.03e-005, 5.16e-006, 5.23e-007, 1.47e-006, 1.43e-006, 1.69e-006, 2.27e-006, 1.35e-009, 2.04e-007, 7.55e-008, 2.86e-007, 7.59e-007, 5.8e-008, 2.83e-007, 9.83e-009, 6.2e-008, 2.26e-007, 6.85e-007, 8.64e-008, 5.01e-008, 7.01e-008, 1.28e-007, 6.89e-008, 2.29e-008, 3.38e-008, 2.53e-009, 1.74e-008, 1.25e-008, 4.21e-009, 1.56e-009, 1.6e-009, 2.68e-009, 5.73e-009, 2.19e-009, 6.23e-010, 7.11e-010, 4.49e-010, 1.63e-009, 7.66e-010, 1.99e-010, 6.24e-012, 8.5e-011, 1.34e-010, 2.17e-011, 6.07e-013, 1.69e-011, 6.68e-012, 6.08e-011, 6.65e-011, 1.02e-011, 3.6e-012, 1.51e-013, 6.36e-014, 5.47e-013, 4.3e-013, 2.15e-013, 1.4e-014, 1.8e-013, 2.19e-014, 6.08e-014, 1.79e-014, 8.58e-015, 4.41e-015, 2.61e-014, 3.74e-015, 4.58e-015, 5.21e-015, 2.63e-015, 2.71e-015, 1.6e-015, 1.06e-015, 5.96e-016, 2.72e-016, 7.99e-017
13:44:02, 18.9, 24, 3.61, 11.5, 26.3, 8.25, 0.0193, 0.142, 1.73, 10.3, 9.13, 5.66, 4.25, 5.07, 2.7, 0.635, 1.59, 2.35, 2.02, 3.61, 1.06, 2.08, 0.753, 0.318, 1.29, 7.73, 4.05, 0.108, 0.651, 2.07, 1.42, 2.09, 1.2, 3.25, 2.2, 0.269, 1.62, 0.149, 0.027, 0.406, 0.886, 0.229, 0.671, 1.17, 0.932, 0.611, 1.2, 0.87, 0.0555, 0.769, 0.811, 0.138, 0.141, 0.203, 0.605, 0.551, 0.902, 0.245, 0.746, 2.03, 0.87, 0.221, 0.0705, 3.01, 2.27, 0.0592, 0.122, 1.82, 4.7, 0.628, 1.24, 0.245, 0.688, 1, 0.796, 0.168, 0.136, 0.521, 2.12, 2.73, 0.618, 0.01, 0.00226, 0.995, 1.14, 0.00865, 0.295, 0.0213, 0.583, 0.606, 0.313, 0.0283, 0.41, 0.238, 0.105, 0.721, 0.353, 0.16, 1.16, 20.1, 27.6, 4.01, 0.7, 0.448, 0.169, 0.304, 0.406, 0.167, 0.00251, 0.577, 1.08, 0.48, 0.261, 0.124, 0.0746, 0.223, 0.219, 0.387, 0.154, 0.0994, 0.333, 0.0855, 0.0408, 0.0449, 0.132, 0.154, 0.0579, 0.0136, 0.0419, 0.0135, 0.017, 0.00447, 0.00967, 0.00657, 0.0244, 0.00833, 0.00582, 0.0038, 0.0168, 0.014, 0.000252, 0.00628, 0.00227, 0.00512, 0.00516, 0.00759, 0.00427, 0.00274, 0.00144, 0.00279, 0.00241, 0.000111, 0.000449, 0.000449, 7.72e-006, 0.000427, 0.000383, 0.000591, 0.000624, 0.000306, 5.18e-005, 0.000159, 1.86e-005, 3.69e-005, 4.97e-005, 7.04e-005, 3.31e-005, 6.04e-005, 6.21e-005, 8.19e-005, 0.00012, 8.63e-006, 3.65e-006, 5.89e-006, 3.94e-006, 1.49e-005, 1.55e-005, 8.85e-006, 9.68e-006, 6.81e-006, 2.12e-006, 1.09e-006, 4.43e-006, 1.47e-006, 9.36e-007, 2.18e-006, 2.47e-006, 2.24e-006, 2.94e-006, 5.34e-007, 6.41e-007, 3.98e-007, 9.36e-007, 1.31e-006, 1.68e-007, 3.33e-007, 4.36e-008, 6.59e-008, 1.69e-007, 6.41e-007, 1.67e-007, 5.88e-008, 9.57e-008, 9.09e-008, 4.76e-008, 2.45e-009, 4.68e-008, 2.04e-008, 1.61e-008, 9.41e-009, 5.74e-009, 2.98e-009, 2.2e-009, 2.24e-009, 4.39e-009, 1.67e-009, 2.84e-010, 9.16e-010, 1.13e-009, 1.98e-009, 3.66e-010, 1.6e-010, 2.98e-011, 9.07e-012, 1.45e-010, 2.85e-011, 8.21e-013, 9.32e-012, 7.73e-013, 4.42e-011, 4.59e-011, 1.59e-011, 2.43e-012, 9.22e-013, 1.14e-015, 2.95e-013, 6.08e-013, 2.22e-013, 8.51e-014, 2.56e-014, 1.25e-013, 1.01e-014, 3.56e-014, 1.54e-014, 2.3e-014, 1.27e-014, 2.03e-014, 1.59e-014, 1.08e-014, 1.25e-014, 1.01e-014, 9.75e-015, 9.18e-015, 8.71e-015, 8.35e-015, 8.15e-015
13:44:02, 0.459, 6.79, 5.38, 21.2, 6.35, 15.1, 3.98, 4.43, 0.739, 12.1, 1.54, 3.71, 1.88, 6.87, 5.26, 1.88, 0.0742, 3.93, 4, 1.16, 3.2, 2.77, 1.02, 0.478, 1.85, 4.33, 2.84, 0.227, 0.431, 1.66, 3.05, 2.9, 0.0722, 3.26, 2.42, 0.819, 1.62, 0.041, 0.309, 0.829, 1.06, 0.929, 1.35, 0.873, 0.191, 0.0499, 0.381, 0.66, 0.266, 1.39, 1.29, 0.312, 0.0744, 0.238, 0.936, 1.29, 0.412, 0.181, 0.722, 0.675, 0.606, 0.305, 0.316, 2.25, 1.58, 0.227, 0.542, 1.38, 3.23, 0.828, 1.02, 0.334, 0.791, 1.29, 0.49, 0.167, 0.119, 0.191, 1.76, 3.64, 1.03, 0.0856, 0.0747, 0.812, 1.05, 0.246, 0.388, 0.26, 0.53, 0.122, 0.137, 0.112, 0.356, 0.266, 0.0476, 0.607, 0.845, 0.289, 0.707, 18.7, 26.6, 1.78, 1.11, 0.614, 0.0473, 0.31, 0.251, 0.0722, 0.0421, 0.581, 0.855, 0.376, 0.41, 0.197, 0.127, 0.0883, 0.048, 0.226, 0.133, 0.101, 0.273, 0.0179, 0.0359, 0.11, 0.272, 0.246, 0.0587, 0.0161, 0.048, 0.00184, 0.0154, 0.0157, 0.0137, 0.0226, 0.0324, 0.0147, 0.00403, 0.000365, 0.0139, 0.0141, 0.00364, 0.005, 0.000838, 0.00274, 0.00249, 0.0056, 0.0031, 0.00445, 0.00446, 0.00665, 0.00284, 0.00014, 0.000366, 0.00041, 0.000131, 0.00025, 9.39e-005, 0.000292, 0.000799, 0.000467, 0.000223, 0.000269, 8.58e-005, 7.03e-005, 7.13e-005, 5.05e-005, 2.2e-005, 7.93e-005, 0.000111, 8.55e-005, 9.37e-005, 2.79e-005, 1.06e-005, 1.23e-005, 1.5e-005, 1.33e-005, 9.23e-006, 1.34e-005, 3.55e-006, 1.36e-006, 1.9e-007, 2.09e-008, 2.04e-006, 1.39e-007, 3.05e-006, 4.22e-006, 2.36e-006, 1.37e-006, 3.71e-006, 2.12e-006, 8.94e-007, 5.49e-007, 1.66e-006, 1.88e-006, 6.25e-007, 4.13e-007, 2.36e-007, 6.03e-008, 1.39e-007, 5.59e-007, 2.52e-007, 5.54e-008, 5.52e-008, 3.86e-008, 2.45e-008, 2.19e-008, 6.23e-008, 3.76e-008, 6.89e-009, 3.82e-009, 4.26e-009, 3.09e-009, 1.58e-009, 6.88e-010, 2.44e-009, 1.74e-009, 5.64e-010, 6.56e-010, 1.46e-009, 1.96e-009, 2e-010, 1.65e-010, 9.26e-011, 3.07e-011, 1.73e-010, 4.84e-011, 7.22e-012, 2.64e-012, 8.57e-012, 3.43e-011, 1.99e-011, 8.03e-012, 2.66e-012, 1.19e-012, 2.26e-013, 1.42e-013, 6.97e-013, 1.99e-013, 7.04e-014, 2.43e-013, 1.99e-014, 1.96e-014, 5.37e-014, 4.65e-014, 6.31e-014, 2.78e-014, 5.55e-014, 3.5e-014, 4.07e-014, 4.19e-014, 3.75e-014, 3.88e-014, 3.83e-014, 3.8e-014, 3.78e-014, 3.77e-014
13:44:02, 1.39, 14.3, 37.2, 71.8, 25.7, 53.5, 39.3, 26.7, 14.3, 13.9, 0.746, 1.77, 0.0126, 6.55, 6.91, 2.57, 0.718, 5.41, 4.94, 0.0129, 4.19, 3.39, 0.223, 1.12, 3.83, 0.917, 2.33, 0.303, 0.702, 0.635, 3.12, 4.08, 0.514, 1.88, 2.88, 1.37, 1.46, 0.847, 1.07, 0.963, 0.697, 1.4, 1.59, 0.304, 0.0438, 0.0029, 0.224, 0.358, 0.455, 1.63, 1.73, 0.19, 0.0706, 0.101, 1.36, 1.32, 0.247, 0.0802, 0.33, 0.105, 0.411, 0.653, 1.11, 1.68, 0.871, 0.555, 0.895, 0.48, 1.99, 2.35, 0.928, 0.462, 1.15, 1.04, 0.111, 0.272, 0.0937, 0.0216, 1.06, 3.79, 1.19, 0.0838, 0.199, 0.472, 0.897, 0.572, 0.247, 0.591, 0.366, 0.00286, 0.0565, 0.121, 0.361, 0.0425, 0.228, 1, 1.05, 0.186, 0.165, 15.8, 25.1, 1.19, 0.726, 0.678, 0.0579, 0.312, 0.0936, 0.0593, 0.0058, 0.694, 0.549, 0.121, 0.361, 0.199, 0.122, 0.0143, 0.00377, 0.0899, 0.11, 0.186, 0.196, 0.0192, 0.0194, 0.145, 0.353, 0.231, 0.0589, 0.0446, 0.0347, 0.00735, 0.0174, 0.0189, 0.011, 0.0301, 0.0346, 0.00997, 0.00247, 0.00182, 0.00809, 0.0109, 0.00971, 0.00416, 0.0031, 0.00422, 0.00505, 0.0025, 0.00143, 0.00317, 0.00617, 0.0103, 0.0041, 0.000523, 6.12e-005, 0.00039, 0.000363, 6.44e-005, 4.16e-005, 0.000149, 0.000573, 0.000455, 0.000238, 0.000397, 0.000224, 8.81e-005, 3.64e-005, 3.43e-005, 1.31e-006, 6.92e-005, 0.000129, 3.39e-005, 6.76e-005, 5.7e-005, 1.33e-005, 1.23e-005, 2.46e-005, 1.04e-005, 4.54e-006, 9.83e-006, 7.63e-007, 6.21e-008, 4.94e-007, 2.31e-007, 2.04e-006, 2.43e-006, 5.27e-006, 6.2e-006, 1.21e-006, 4.14e-007, 3.41e-006, 3.46e-006, 8.23e-007, 2.8e-007, 1.87e-006, 2.07e-006, 6.29e-007, 3.72e-007, 4.31e-007, 1.14e-007, 1.26e-007, 4.32e-007, 1.96e-007, 3.26e-008, 1.13e-008, 1.3e-008, 1.05e-008, 3.99e-008, 7.03e-008, 3.2e-008, 1.91e-009, 5.8e-010, 1.37e-009, 1.63e-009, 5.96e-010, 3.9e-011, 1.01e-009, 1.46e-009, 6.81e-010, 3.12e-010, 8.55e-010, 1.91e-009, 3.05e-010, 1.46e-010, 1.77e-010, 1.42e-010, 1.32e-010, 8.91e-011, 2.17e-011, 4.88e-012, 2.67e-011, 2.8e-011, 6.12e-012, 4.43e-012, 1.69e-012, 3.42e-012, 8.69e-014, 1.15e-012, 1.93e-012, 1.24e-013, 8.84e-013, 3.97e-013, 4.8e-013, 7.43e-013, 3.83e-013, 3.71e-013, 5.2e-013, 4.48e-013, 4.2e-013, 4.39e-013, 4.32e-013, 4.17e-013, 4.27e-013, 4.2e-013, 4.19e-013, 4.17e-013, 4.16e-013, 4.15e-013
13:44:02, 0.00497, 21.4, 108, 183, 128, 124, 104, 61.4, 35.1, 13.4, 2.71, 0.967, 0.648, 5.75, 5.2, 1.99, 3.11, 4.93, 4.59, 1.64, 4.34, 2.28, 0.22, 1.62, 6.69, 1.3, 3.22, 0.706, 0.309, 0.566, 3.07, 6.64, 1.2, 0.756, 2.45, 0.843, 0.999, 2.18, 2.03, 0.607, 0.282, 0.99, 1.15, 0.281, 0.085, 0.0716, 0.387, 0.107, 0.28, 1.33, 1.7, 0.211, 0.161, 0.324, 1.34, 0.825, 0.169, 0.137, 0.0774, 0.0077, 0.215, 0.605, 1.39, 0.977, 0.227, 0.42, 0.787, 0.23, 1.74, 2.62, 0.773, 0.161, 1.32, 1.02, 0.101, 0.245, 0.0336, 0.00471, 0.686, 3.35, 1.02, 0.0543, 0.219, 0.142, 0.507, 0.684, 0.0222, 0.788, 0.345, 0.00287, 0.0692, 0.00486, 0.398, 0.123, 0.587, 1.4, 0.718, 0.112, 0.0139, 14.5, 25.3, 2.3, 0.136, 0.53, 0.212, 0.306, 0.132, 0.0865, 0.0764, 0.807, 0.502, 0.113, 0.177, 0.0804, 0.0915, 0.000192, 0.0279, 0.0373, 0.0445, 0.174, 0.142, 0.0277, 0.0119, 0.103, 0.288, 0.169, 0.0223, 0.0803, 0.0183, 0.011, 0.0261, 0.00883, 0.00447, 0.0229, 0.0281, 0.00261, 0.000731, 0.0042, 0.00428, 0.00542, 0.0106, 0.00295, 0.00282, 0.00776, 0.00927, 0.002, 0.000827, 0.00106, 0.00393, 0.0116, 0.00483, 0.000433, 0.000126, 0.000568, 0.000547, 2.03e-005, 0.000145, 6.32e-005, 0.000304, 0.000295, 8e-005, 0.000468, 0.000264, 6.35e-005, 3.56e-006, 2.46e-005, 8.44e-006, 3.58e-005, 9.39e-005, 1.69e-005, 5.49e-005, 6.61e-005, 9.39e-006, 6.65e-006, 2.21e-005, 1.25e-005, 8.65e-006, 8.9e-006, 2.6e-007, 1.05e-006, 1.06e-006, 9.01e-008, 2.58e-006, 5.6e-006, 5.23e-006, 5.75e-006, 9.75e-007, 1.33e-007, 2.41e-006, 3.18e-006, 6.15e-007, 1.05e-007, 1.43e-006, 1.54e-006, 2.89e-007, 1.8e-007, 4.59e-007, 2.25e-007, 2.53e-008, 3.71e-007, 9.18e-008, 2.4e-008, 7.65e-009, 1.76e-008, 1.07e-008, 1.98e-008, 6.79e-008, 1.82e-008, 7.72e-010, 4.64e-010, 7.2e-011, 3.92e-010, 3.92e-010, 2.39e-011, 4.94e-010, 9.46e-010, 3.24e-010, 1.73e-010, 5.96e-010, 1.64e-009, 2.67e-010, 1.34e-010, 2.59e-010, 1.4e-010, 1.12e-010, 4.39e-011, 5.63e-011, 2.7e-011, 5.97e-011, 2.55e-011, 3.23e-012, 9.32e-012, 1.11e-012, 3.63e-012, 1.82e-012, 8.2e-013, 8.6e-013, 5.44e-013, 3.98e-013, 2.16e-013, 2.39e-013, 9.38e-014, 2.86e-013, 8.72e-014, 1.98e-013, 1.78e-013, 1.1e-013, 1.5e-013, 1.37e-013, 1.41e-013, 1.35e-013, 1.33e-013, 1.33e-013, 1.32e-013, 1.31e-013, 1.31e-013
13:44:02, 3.46, 32.4, 181, 277, 210, 168, 125, 80.3, 40, 9.77, 2.23, 0.917, 0.483, 5.32, 4.58, 1.32, 6.05, 1.5, 3.97, 3.17, 3.58, 0.926, 0.405, 2.16, 8.58, 6.97, 5.65, 1.32, 0.255, 1.47, 6.08, 10.6, 1.03, 0.599, 1.18, 0.397, 0.584, 2.73, 2.33, 0.368, 0.142, 0.317, 0.507, 0.483, 0.274, 0.405, 0.436, 0.0668, 0.16, 0.578, 1.27, 0.457, 0.397, 1.09, 0.68, 0.476, 0.0259, 0.286, 0.0619, 0.0722, 0.233, 0.195, 0.991, 0.533, 0.0257, 0.107, 0.328, 0.928, 2.51, 1.44, 0.545, 0.0528, 1.09, 1, 0.665, 0.229, 0.0483, 0.011, 0.672, 2.37, 1.13, 0.111, 0.079, 0.0324, 0.247, 0.5, 0.0838, 0.984, 0.723, 0.103, 0.2, 0.0973, 0.35, 0.416, 1.07, 1.36, 0.159, 0.44, 0.307, 17.4, 26.2, 2.27, 0.128, 0.298, 0.144, 0.298, 0.195, 0.144, 0.278, 0.737, 0.67, 0.207, 0.0349, 0.000155, 0.111, 0.0265, 0.0278, 0.0196, 0.0146, 0.0972, 0.0689, 0.0384, 0.0162, 0.0364, 0.148, 0.136, 0.013, 0.0889, 0.0169, 0.0117, 0.0354, 0.00101, 0.0012, 0.0163, 0.0205, 4.63e-005, 0.000998, 0.00633, 0.00581, 0.00672, 0.00519, 0.00193, 0.000804, 0.0106, 0.00902, 0.00305, 0.00071, 0.000116, 0.00117, 0.0101, 0.00463, 6.32e-005, 0.000498, 0.000958, 0.000765, 0.000188, 0.000275, 9.17e-006, 0.000192, 0.000129, 4.26e-005, 0.000461, 0.000157, 2.54e-005, 8.91e-006, 2.84e-005, 2.43e-005, 9.02e-006, 4.42e-005, 4.71e-005, 6.28e-005, 4.28e-005, 5.9e-006, 3.55e-006, 1.19e-005, 1.21e-005, 1.82e-005, 1.18e-005, 2.25e-006, 3.95e-006, 3.31e-006, 5.39e-007, 5.07e-006, 6.66e-006, 1.98e-006, 4.12e-006, 1.72e-006, 6.2e-008, 1.87e-006, 1.52e-006, 5.94e-007, 1.5e-007, 7.81e-007, 8.16e-007, 7.22e-008, 3.65e-008, 3.85e-007, 1.8e-007, 1.89e-008, 4.1e-007, 1.67e-007, 4.16e-008, 2.16e-008, 2.77e-008, 2.12e-008, 6.58e-009, 5.21e-008, 1.23e-008, 2.18e-010, 7.98e-010, 3.81e-010, 1.66e-010, 2.22e-010, 2.08e-010, 9.49e-010, 7.42e-010, 2.15e-010, 4.6e-010, 3.97e-010, 1.3e-009, 3.03e-010, 2.47e-010, 2e-010, 1.09e-010, 4.17e-011, 2.48e-011, 3.91e-011, 6.44e-011, 9.62e-011, 2.15e-011, 1.23e-011, 9.51e-012, 2.78e-012, 1.36e-012, 7.75e-012, 3.35e-013, 5.66e-013, 1.17e-012, 1.26e-013, 3.2e-013, 3.91e-013, 3.35e-013, 3.05e-013, 1.81e-013, 3.14e-013, 2.49e-013, 2.19e-013, 2.21e-013, 2.28e-013, 2.21e-013, 2.17e-013, 2.13e-013, 2.12e-013, 2.1e-013, 2.08e-013, 2.07e-013
13:44:02, 2.05, 44.9, 210, 237, 170, 127, 82.4, 53.9, 30.6, 3.27, 0.803, 0.965, 0.0223, 4.28, 6.05, 4.79, 8.1, 0.16, 3.86, 1.05, 3.41, 0.187, 0.35, 1.98, 8.35, 11.1, 8.02, 2.18, 0.567, 1.95, 10.8, 14.3, 1.95, 0.285, 0.38, 0.556, 0.491, 1.98, 1.82, 0.279, 0.225, 0.0148, 0.162, 0.353, 0.653, 0.78, 0.284, 0.128, 0.162, 0.177, 0.989, 0.183, 0.971, 1.86, 0.254, 0.332, 0.171, 0.427, 0.348, 0.333, 0.199, 0.0441, 0.428, 0.371, 0.112, 0.0135, 0.0994, 1.37, 3.12, 0.809, 0.33, 0.787, 0.81, 0.408, 1.62, 0.827, 0.327, 0.108, 0.498, 1.4, 1, 0.502, 0.166, 0.129, 0.446, 0.18, 0.311, 1.37, 1.18, 0.429, 0.403, 0.265, 0.214, 0.469, 1.26, 1.12, 0.00744, 0.209, 1.59, 23.6, 26.7, 1.16, 0.0446, 0.443, 0.0253, 0.213, 0.135, 0.178, 0.29, 0.475, 0.621, 0.227, 0.000772, 0.0326, 0.159, 0.142, 0.0127, 0.022, 0.0544, 0.058, 0.0191, 0.0743, 0.0339, 0.000676, 0.0522, 0.106, 0.0793, 0.062, 0.0205, 0.0214, 0.0339, 0.0104, 0.00735, 0.023, 0.0111, 0.00251, 0.00373, 0.0117, 0.0133, 0.0129, 0.00347, 0.00239, 0.00349, 0.00918, 0.00504, 0.00291, 0.000282, 2.22e-005, 0.000508, 0.00787, 0.00439, 0.000102, 0.00067, 0.00112, 0.000787, 0.000396, 0.000257, 0.000162, 0.000172, 1.92e-005, 0.000238, 0.000383, 5.45e-005, 6.11e-006, 1.76e-005, 5.65e-005, 2.82e-005, 6.78e-006, 9.38e-006, 6.2e-005, 5.75e-005, 1.98e-005, 2.38e-006, 6.72e-006, 4.83e-006, 6.84e-006, 2.03e-005, 1.38e-005, 4.28e-006, 5.15e-006, 7.07e-006, 4.33e-006, 8.74e-006, 4.47e-006, 1.34e-007, 2.05e-006, 2.39e-006, 6.01e-007, 1.19e-006, 3.58e-007, 4.87e-007, 9.86e-008, 4.96e-007, 4.97e-007, 8.03e-009, 1.31e-007, 2.19e-007, 5.59e-008, 1.21e-007, 5.68e-007, 4.2e-007, 8.75e-008, 5.3e-009, 4.74e-008, 3.71e-008, 1.79e-008, 3.17e-008, 1.31e-008, 1.26e-010, 8.05e-010, 1.75e-009, 2.99e-010, 2.76e-010, 6.61e-010, 1.13e-009, 1.16e-009, 6.71e-010, 4.78e-010, 1.18e-010, 8.86e-010, 6.59e-010, 5.36e-010, 2.39e-010, 1.39e-010, 7.36e-011, 3.06e-011, 7.24e-012, 8.87e-011, 9.59e-011, 1.52e-011, 5.94e-012, 1.89e-011, 6.96e-012, 3.91e-012, 7.12e-012, 7.04e-013, 2.08e-013, 8.36e-013, 1.68e-014, 1.26e-013, 1.13e-013, 2.54e-013, 4.87e-014, 7.55e-014, 1.38e-013, 5.63e-014, 9.19e-014, 7.88e-014, 7.23e-014, 6.93e-014, 7.19e-014, 6.89e-014, 6.78e-014, 6.69e-014, 6.63e-014, 6.59e-014
13:44:02, 0.0562, 45.6, 167, 104, 67.6, 43.9, 30.7, 11.3, 23.1, 0.0849, 1.77, 1.88, 0.868, 2.13, 6.58, 8.63, 10.1, 3.79, 3.23, 0.14, 3.94, 0.741, 0.0972, 1.51, 5.17, 9.43, 6.63, 3.13, 1.38, 0.627, 14.5, 16.7, 2.3, 0.169, 0.123, 0.97, 0.179, 1.26, 1.17, 0.0698, 0.231, 0.0803, 0.0821, 0.151, 0.769, 0.821, 0.175, 0.124, 0.159, 0.307, 1.02, 0.0655, 1.66, 1.89, 0.494, 0.394, 0.519, 0.426, 0.627, 0.923, 0.324, 0.0112, 0.34, 0.104, 0.283, 0.151, 0.0144, 1.62, 2.13, 1.22, 0.775, 1.34, 0.575, 0.103, 2.31, 2.14, 0.991, 0.427, 0.104, 0.863, 0.321, 1.01, 0.735, 0.627, 0.796, 0.122, 0.379, 1.73, 1.14, 0.522, 0.704, 0.231, 0.108, 0.182, 0.994, 0.751, 0.179, 0.0383, 2.38, 29, 28.9, 0.746, 0.889, 0.577, 0.17, 0.132, 0.0403, 0.127, 0.149, 0.159, 0.363, 0.258, 0.0106, 0.0382, 0.258, 0.333, 0.0641, 0.0403, 0.0585, 0.071, 0.0553, 0.105, 0.0444, 0.0166, 0.0101, 0.0675, 0.122, 0.0387, 0.00927, 0.0359, 0.0154, 0.0267, 0.0294, 0.028, 0.00416, 0.00279, 0.00869, 0.0185, 0.0133, 0.0164, 0.00963, 0.00606, 0.0105, 0.00587, 0.00118, 0.00192, 0.00012, 6.08e-005, 0.000478, 0.00644, 0.00475, 0.000177, 0.000556, 0.000797, 0.000461, 0.00039, 0.000114, 0.000334, 0.000372, 0.000106, 0.000323, 0.000271, 5.56e-005, 8.38e-006, 2.49e-005, 8.23e-005, 4.43e-005, 1.77e-005, 2.25e-006, 5.59e-005, 2.51e-005, 1.16e-005, 4.87e-007, 1.53e-005, 4.53e-006, 5.09e-006, 1.05e-005, 1.33e-005, 2.37e-006, 5.18e-006, 9.16e-006, 6.63e-006, 1.08e-005, 3.2e-006, 1.26e-009, 1.2e-006, 2.15e-006, 1.31e-006, 4.45e-007, 8.38e-008, 2.48e-007, 2.26e-007, 4.4e-007, 5.16e-007, 9.82e-008, 1.27e-007, 1.23e-007, 2.02e-008, 1.76e-007, 6.98e-007, 6.46e-007, 1.37e-007, 3.1e-009, 5.43e-008, 7.19e-008, 2.39e-008, 1.06e-008, 2.48e-008, 3.45e-009, 4.72e-009, 2.88e-009, 3.36e-010, 4.58e-010, 1.04e-009, 6.93e-010, 1.38e-009, 8.53e-010, 2.92e-010, 1.59e-011, 6.66e-010, 5.62e-010, 8.45e-010, 5.56e-010, 3.76e-010, 1.99e-010, 2.35e-011, 1.79e-011, 7.13e-011, 6.34e-011, 1.05e-011, 3.81e-012, 2.3e-011, 1.05e-011, 1.17e-011, 3.47e-012, 9.99e-013, 5.17e-013, 4.38e-013, 4.07e-013, 1.99e-013, 3.77e-013, 4.74e-014, 1.48e-013, 9.91e-014, 1.58e-013, 5.6e-014, 1.16e-013, 8.06e-014, 8.03e-014, 7.71e-014, 6.84e-014, 6.71e-014, 6.35e-014, 6.13e-014, 5.97e-014, 5.88e-014
13:44:02, 0.441, 37.1, 89.6, 18.8, 8.43, 4.99, 6.14, 0.357, 17.4, 7.77, 8.25, 5.58, 1.66, 1.38, 5.44, 5.19, 12.6, 7.12, 1.81, 1.77, 5.28, 3.25, 0.548, 0.914, 2.07, 3.73, 3.98, 1.65, 3.16, 1.01, 15.9, 15.4, 1.64, 0.192, 0.524, 1.2, 0.087, 0.843, 0.984, 0.0344, 0.0557, 0.299, 0.17, 0.261, 0.404, 0.55, 0.302, 0.206, 0.128, 0.379, 1.47, 0.901, 1.41, 1.46, 0.58, 0.513, 0.606, 0.267, 0.488, 1.51, 1.03, 0.21, 0.598, 0.16, 0.505, 0.787, 0.553, 1.79, 0.602, 1.32, 1.51, 1.22, 0.211, 0.559, 2.76, 2.48, 1.63, 0.811, 0.198, 0.638, 0.0245, 0.989, 1.39, 1.26, 0.877, 0.255, 0.407, 1.51, 0.861, 0.22, 0.93, 0.215, 0.111, 0.0156, 0.718, 0.264, 0.36, 0.0159, 2.19, 29.4, 31.7, 3.01, 1.54, 0.924, 0.176, 0.149, 0.115, 0.0764, 0.086, 0.0366, 0.207, 0.257, 0.0379, 0.00764, 0.331, 0.591, 0.168, 0.031, 0.0303, 0.0801, 0.119, 0.0911, 0.0323, 0.0414, 0.00751, 0.0586, 0.0735, 0.0345, 0.00778, 0.0447, 0.000283, 0.0376, 0.0524, 0.0249, 0.000617, 0.000462, 0.0132, 0.022, 0.00366, 0.0155, 0.0153, 0.00999, 0.0121, 0.00492, 0.001, 0.00177, 0.000144, 0.000244, 0.000142, 0.00577, 0.00619, 3.7e-005, 0.000712, 0.000165, 0.000169, 0.000218, 9.83e-005, 0.000542, 0.00094, 0.000463, 0.000156, 0.00016, 0.000121, 3.45e-005, 7.39e-005, 5.43e-005, 5.38e-005, 4.42e-005, 2.03e-005, 3.41e-005, 1.19e-005, 6.77e-006, 1.03e-005, 2.27e-005, 1.25e-005, 2.44e-006, 3.66e-006, 6.67e-006, 2.39e-006, 5.99e-006, 8.4e-006, 3.2e-006, 1e-005, 4.64e-006, 2.6e-007, 1.78e-006, 8.55e-007, 1.35e-006, 2.5e-007, 1.51e-007, 4.67e-007, 6.1e-007, 2.74e-007, 4.33e-007, 4.78e-007, 1e-007, 1.42e-007, 1.16e-007, 1.33e-007, 5.82e-007, 7.26e-007, 1.09e-007, 2.24e-008, 6.2e-008, 7.28e-008, 2.77e-008, 7.53e-009, 4.05e-008, 1.61e-008, 1.06e-008, 3.94e-009, 2.8e-011, 1.05e-009, 7.66e-010, 2.61e-010, 8.47e-010, 8.4e-010, 4.71e-011, 3.3e-010, 6.12e-010, 1.15e-010, 8.04e-010, 7.34e-010, 7.04e-010, 2.58e-010, 3.17e-011, 2.07e-011, 5.25e-011, 1.88e-011, 1.03e-011, 1.32e-011, 1.29e-011, 1.17e-011, 1.08e-011, 2.91e-012, 8.4e-013, 2.83e-013, 2.36e-013, 1.07e-012, 1.64e-013, 7.16e-015, 1.34e-013, 1.02e-013, 5.27e-014, 6.99e-014, 3.94e-014, 4.79e-014, 4.23e-014, 3.55e-014, 3.27e-014, 2.88e-014, 2.66e-014, 2.38e-014, 2.21e-014, 2.09e-014, 2.01e-014
13:44:03, 18.5, 38, 35.7, 4.17, 0.521, 3.79, 3.07, 4.43, 12.6, 20.1, 15.2, 11.4, 2.84, 2.44, 3.59, 0.963, 12.8, 5.92, 0.681, 2.28, 6.76, 5.57, 2.42, 0.43, 1.29, 0.205, 2.81, 0.579, 4.74, 5.27, 13, 10.3, 1.7, 0.156, 1.09, 1.66, 0.255, 0.531, 1.5, 0.25, 0.0472, 0.468, 0.377, 0.317, 0.152, 0.219, 0.64, 0.312, 0.114, 0.293, 2.09, 1.89, 0.468, 0.991, 0.176, 0.575, 0.351, 0.116, 0.153, 1.76, 1.6, 0.953, 0.983, 0.339, 0.73, 1.81, 2.08, 1.66, 0.00686, 0.842, 1.25, 1.15, 0.00728, 1.23, 2.75, 1.25, 1.62, 1.21, 0.551, 0.674, 0.337, 0.437, 1.59, 1.3, 0.517, 0.423, 0.245, 0.93, 0.841, 0.234, 0.655, 0.415, 0.251, 0.283, 0.545, 0.0159, 0.762, 0.374, 0.776, 27.1, 32.1, 3.48, 2.1, 1.43, 0.00886, 0.236, 0.244, 0.16, 0.111, 0.0707, 0.192, 0.199, 0.0292, 0.00163, 0.38, 0.828, 0.215, 0.00762, 0.00395, 0.0653, 0.113, 0.0663, 0.00402, 0.0574, 0.0446, 0.0504, 0.021, 0.0221, 0.0277, 0.0541, 0.0151, 0.0403, 0.0411, 0.0243, 0.00118, 0.00104, 0.0151, 0.0174, 0.001, 0.0133, 0.0123, 0.00804, 0.00837, 0.00425, 0.00319, 0.00194, 0.000349, 0.000688, 0.000123, 0.00687, 0.00847, 0.000969, 0.000493, 7.54e-007, 0.000125, 0.000201, 0.000484, 0.00102, 0.00146, 0.000709, 6.16e-005, 9.64e-005, 0.000133, 6.81e-005, 0.000119, 4.22e-005, 5.29e-005, 0.00011, 1.88e-005, 2.26e-005, 2.16e-005, 6.77e-006, 1.36e-005, 3.27e-005, 1.92e-005, 2.11e-007, 1.03e-006, 1.32e-006, 6.58e-006, 1.01e-005, 4.46e-006, 2.69e-007, 7.51e-006, 5.23e-006, 1.39e-006, 2.42e-006, 1.12e-007, 9.65e-007, 7.4e-007, 5.35e-007, 8.87e-007, 5.88e-007, 1.44e-007, 3.17e-007, 8.47e-007, 2.91e-007, 2.82e-007, 3.25e-007, 3.11e-008, 4.39e-007, 6e-007, 5.07e-008, 4.25e-008, 5.38e-008, 3.58e-008, 3.33e-008, 2.01e-008, 5.02e-008, 3.09e-008, 9.21e-009, 5.18e-009, 1.13e-009, 2.68e-009, 4.05e-010, 1.38e-010, 5.77e-010, 6.53e-010, 2.35e-011, 6.41e-010, 8.51e-010, 2.21e-010, 5.23e-010, 4.5e-010, 9.03e-010, 2.21e-010, 2.16e-011, 4.58e-012, 4.38e-011, 2.08e-012, 7.53e-012, 9.37e-012, 1.36e-011, 9.66e-013, 1e-011, 2.07e-012, 2.93e-013, 4.7e-013, 3.01e-013, 1.52e-012, 3.3e-014, 3.46e-013, 1.1e-013, 1.04e-013, 1.79e-013, 1.09e-013, 9.23e-014, 9.65e-014, 1.09e-013, 9.85e-014, 9.32e-014, 9.33e-014, 9.1e-014, 8.93e-014, 8.83e-014, 8.74e-014, 8.69e-014
13:44:03, 2.74, 21.6, 14.3, 3.28, 1.08, 7.47, 7.15, 1.35, 11.3, 20.3, 17.3, 11.6, 5.04, 2.81, 2.1, 2.2, 10.2, 3.32, 0.0754, 1.18, 6.74, 5.16, 3.24, 1.95, 2.05, 1.28, 3.14, 2.41, 4.01, 8.23, 7.07, 4.39, 2.51, 0.0608, 1.21, 2.61, 0.422, 0.75, 2.18, 0.787, 0.258, 0.308, 0.679, 0.109, 0.168, 0.387, 0.885, 0.183, 0.142, 0.462, 2.27, 1.94, 0.0215, 0.775, 0.0773, 0.364, 0.256, 0.056, 0.293, 2.02, 0.867, 1.8, 1.48, 0.15, 0.908, 2.67, 2.79, 1.4, 0.434, 0.404, 0.453, 1.22, 0.338, 1.3, 1.78, 0.445, 1.1, 1.71, 0.244, 0.935, 0.716, 0.0333, 1.33, 0.707, 0.172, 0.285, 0.0529, 0.509, 1.1, 0.544, 0.215, 0.438, 0.546, 0.5, 0.307, 0.359, 1.05, 1.69, 0.198, 27.4, 31.7, 0.503, 3.5, 1.55, 0.11, 0.268, 0.2, 0.27, 0.145, 0.0346, 0.245, 0.101, 0.00563, 0.0226, 0.486, 0.874, 0.177, 0.000162, 0.00102, 0.0536, 0.0402, 0.0532, 0.011, 0.044, 0.0794, 0.0398, 0.00412, 0.00332, 0.0418, 0.0566, 0.0416, 0.0293, 0.0138, 0.0206, 0.0084, 0.00712, 0.0131, 0.00761, 0.00708, 0.0128, 0.00493, 0.00229, 0.00526, 0.00119, 0.00586, 0.00162, 0.000293, 0.000758, 0.00136, 0.00956, 0.0105, 0.0018, 0.000249, 0.000114, 0.000175, 0.000378, 0.00092, 0.00155, 0.00116, 0.000675, 0.000122, 6.49e-005, 9.34e-005, 4.72e-005, 0.000121, 8.79e-005, 0.000103, 0.000192, 2.94e-005, 3.51e-005, 3.06e-005, 7.16e-006, 5.12e-006, 3.96e-005, 2.19e-005, 4.49e-007, 2.58e-007, 4.54e-007, 9.34e-006, 1.6e-005, 1.97e-006, 3.64e-007, 7.21e-006, 3.12e-006, 2.2e-006, 3.07e-006, 7.24e-007, 5.16e-007, 9.93e-007, 1.59e-006, 9.85e-007, 2.32e-007, 2.69e-007, 4.23e-007, 8.02e-007, 5.21e-007, 3.65e-007, 4.04e-007, 1.14e-007, 4.74e-007, 2.99e-007, 6.78e-008, 6.8e-008, 4.17e-008, 2.1e-008, 2.3e-008, 2.45e-008, 5.08e-008, 2.67e-008, 5.05e-009, 3.51e-009, 5.12e-009, 5.29e-009, 1.54e-009, 4.63e-010, 1.07e-009, 6.36e-010, 4.95e-011, 6.43e-010, 1.49e-009, 9.88e-010, 3.31e-010, 2.26e-010, 9.26e-010, 1.22e-010, 2e-011, 8.49e-012, 2.29e-011, 1.21e-011, 1.19e-011, 1.3e-012, 9.54e-012, 2.43e-012, 6.9e-012, 2.1e-012, 4.91e-013, 6.45e-014, 1.34e-012, 5.13e-013, 8.11e-013, 1.05e-013, 1.48e-013, 2.32e-013, 1.15e-013, 1.27e-013, 1.55e-013, 1.34e-013, 1.26e-013, 1.29e-013, 1.22e-013, 1.25e-013, 1.24e-013, 1.23e-013, 1.22e-013, 1.22e-013, 1.22e-013
13:44:03, 5.37, 15.9, 4.77, 3.04, 3.43, 14.7, 8.58, 0.0992, 7.69, 11.3, 9.84, 7.34, 4.43, 1.87, 0.748, 5.41, 7.1, 1.65, 0.0739, 0.403, 5.35, 2.77, 2.15, 4.57, 3.38, 2.96, 3.77, 3.58, 1.91, 5.77, 3.28, 1.11, 3.48, 0.131, 1.62, 2.73, 1.11, 1.14, 2.1, 1.5, 0.488, 0.0367, 0.94, 0.257, 0.423, 0.947, 0.947, 0.0141, 0.232, 0.668, 1.68, 1.24, 0.451, 0.744, 0.459, 0.176, 0.161, 0.319, 1.44, 2.69, 0.000836, 2.24, 1.57, 0.0831, 0.96, 2.48, 1.83, 0.94, 0.745, 0.425, 0.49, 0.861, 0.72, 0.875, 0.545, 0.561, 1.39, 2.04, 0.0278, 1.19, 0.675, 0.145, 1.12, 0.246, 0.019, 0.107, 0.0529, 0.314, 1.2, 0.578, 0.0139, 0.21, 0.659, 0.571, 0.0346, 0.888, 1.67, 1.46, 2.2, 30.2, 32.9, 1.45, 2.49, 1.97, 0.415, 0.106, 0.0888, 0.23, 0.223, 0.0272, 0.294, 0.0379, 0.0236, 0.0651, 0.662, 0.608, 0.139, 0.0032, 0.00557, 0.0581, 0.00677, 0.0497, 0.0543, 0.0198, 0.0678, 0.0787, 0.0207, 0.0072, 0.0325, 0.0386, 0.0454, 0.0107, 0.00198, 0.0106, 0.0195, 0.0118, 0.00703, 0.00133, 0.00992, 0.0123, 0.000816, 0.000187, 0.0044, 0.00148, 0.00781, 0.000989, 0.000105, 0.000481, 0.00216, 0.0121, 0.0103, 0.00117, 0.000159, 0.000138, 0.000309, 0.000293, 0.000958, 0.00154, 0.000374, 0.000501, 0.000171, 3.13e-005, 4.59e-005, 4.57e-006, 9.39e-005, 0.000133, 0.000148, 0.000226, 9.16e-005, 5.34e-005, 2.66e-005, 3.25e-006, 5.26e-007, 3.91e-005, 2.99e-005, 6e-007, 1.41e-006, 2.46e-006, 6.14e-006, 1.93e-005, 6.87e-006, 3.74e-006, 9.72e-006, 1.33e-006, 1.74e-006, 3.38e-006, 1.44e-006, 2.55e-007, 6.75e-007, 2.98e-006, 1.08e-006, 1.83e-007, 5.43e-007, 4.52e-007, 4.93e-007, 4.05e-007, 2.97e-007, 2.2e-007, 4.16e-007, 5.84e-007, 5.58e-008, 1.29e-007, 1.5e-007, 7.62e-008, 3.54e-008, 1.11e-008, 1.98e-008, 3.51e-008, 1.22e-008, 2.13e-009, 1.29e-009, 9.54e-009, 6.43e-009, 2.55e-009, 2.04e-009, 2.19e-009, 3.98e-010, 1.53e-011, 6.45e-010, 1.91e-009, 1.4e-009, 3.8e-010, 3.7e-010, 6.3e-010, 2.15e-010, 5.13e-011, 3.96e-011, 8.52e-012, 1.78e-011, 1.76e-011, 4.58e-012, 1.88e-011, 6.64e-012, 3.47e-012, 1.74e-012, 3.1e-013, 1.41e-013, 9.8e-013, 4.86e-013, 2.48e-013, 6.68e-013, 8.53e-014, 5.01e-014, 1.56e-013, 6.66e-014, 1.02e-013, 7.68e-014, 8.57e-014, 7.75e-014, 8.4e-014, 7.58e-014, 7.68e-014, 7.6e-014, 7.52e-014, 7.48e-014, 7.45e-014
13:44:03, 0.132, 8.28, 4.42, 3.44, 13.8, 17.9, 5.8, 2.58, 4.86, 2.26, 3.15, 2.66, 1.66, 1.28, 0.116, 7.72, 3.98, 0.975, 0.224, 0.482, 3.3, 2.58, 2.07, 4.36, 3.76, 2.59, 2.93, 2.62, 0.135, 3.12, 1.98, 1.12, 3.97, 1.3, 1.5, 1.74, 1.75, 1.03, 1.19, 1.75, 0.467, 0.0799, 1.17, 1.21, 1, 0.726, 1.08, 0.358, 0.322, 0.425, 0.92, 0.518, 0.669, 0.747, 0.643, 0.076, 0.0381, 0.888, 3.32, 3.53, 0.868, 1.96, 0.968, 0.39, 0.878, 1.43, 0.478, 0.511, 0.362, 0.984, 0.812, 0.378, 0.488, 0.354, 0.104, 0.362, 2.43, 2.31, 0.447, 1.04, 0.55, 0.259, 1.18, 0.348, 0.0332, 0.113, 0.0609, 0.27, 0.963, 0.345, 0.0218, 0.104, 0.304, 0.749, 0.255, 1.26, 1.25, 0.917, 2.9, 30.3, 36.8, 4.74, 0.631, 1.92, 0.556, 0.0073, 0.0441, 0.189, 0.288, 0.124, 0.286, 0.136, 0.102, 0.265, 0.633, 0.274, 0.0935, 0.00711, 0.0101, 0.0888, 0.0428, 0.0517, 0.0584, 0.0214, 0.0731, 0.178, 0.0693, 0.0377, 0.0171, 0.0136, 0.0286, 0.00217, 0.000321, 0.00569, 0.0256, 0.00991, 0.00211, 0.000874, 0.00904, 0.00997, 0.000517, 0.000767, 0.00433, 0.00833, 0.01, 0.000669, 5.38e-005, 0.000644, 0.000959, 0.0133, 0.00863, 0.000143, 0.000259, 0.000292, 0.000259, 0.000115, 0.000521, 0.00109, 6.73e-005, 0.000324, 0.000154, 1.71e-005, 1.32e-005, 3.05e-006, 8.3e-005, 0.000117, 9.37e-005, 0.000212, 0.000118, 5.06e-005, 2.09e-005, 2.78e-007, 6.2e-006, 3.66e-005, 3.37e-005, 5.53e-006, 4.67e-006, 4.88e-006, 9.43e-007, 2.03e-005, 1.68e-005, 1.03e-005, 1.04e-005, 2.04e-006, 1.15e-006, 2.66e-006, 1.16e-006, 1.99e-007, 7.1e-007, 3.87e-006, 1.48e-006, 4e-007, 6.75e-007, 1.76e-007, 2.78e-007, 7.86e-008, 1.55e-007, 7.05e-008, 4.66e-007, 6.75e-007, 8.87e-008, 1.68e-007, 2.14e-007, 1.18e-007, 5.02e-008, 1.66e-008, 2.22e-008, 1.26e-008, 4.37e-009, 3.38e-010, 1.82e-009, 1.28e-008, 4.97e-009, 1.61e-009, 5e-009, 2.99e-009, 9.95e-011, 3.64e-011, 6.62e-010, 1.64e-009, 1.07e-009, 3.46e-010, 3.43e-010, 3.62e-010, 2.66e-010, 1.27e-010, 1.22e-010, 6.08e-012, 1.99e-011, 1.38e-011, 2.13e-011, 3.29e-011, 4.26e-012, 2.24e-013, 4.85e-012, 1.09e-013, 4.2e-013, 1.01e-012, 1.92e-013, 1.01e-012, 2.3e-013, 2.55e-013, 1.43e-013, 2.06e-013, 7.95e-014, 1.28e-013, 8.97e-014, 9.28e-014, 8.55e-014, 6.89e-014, 7.04e-014, 6.22e-014, 5.88e-014, 5.55e-014, 5.33e-014, 5.19e-014
13:44:03, 3.93, 10.3, 5.03, 6.14, 24.5, 15.7, 1.85, 4.08, 2.61, 0.531, 2.65, 2.06, 0.657, 0.515, 2.41, 9.61, 3.04, 0.642, 1.61, 0.541, 2.98, 6.07, 3.58, 1.34, 3, 0.681, 1.54, 0.683, 0.683, 2.52, 1.03, 1.84, 4.34, 2.1, 0.804, 0.501, 1.51, 0.47, 0.401, 1.47, 0.198, 0.342, 1.82, 1.63, 1.51, 0.245, 1.31, 1.87, 0.536, 0.555, 0.462, 0.151, 0.446, 0.414, 0.956, 0.0243, 0.138, 1.98, 4.53, 3.23, 2.14, 1.45, 0.207, 0.649, 0.488, 0.54, 0.0562, 0.487, 0.418, 1.6, 0.557, 0.137, 0.17, 0.226, 0.0435, 0.104, 2.91, 3, 0.294, 1, 0.611, 0.245, 1.36, 0.604, 0.128, 0.189, 0.0547, 0.26, 0.656, 0.128, 0.0676, 0.0317, 0.0524, 0.834, 1.24, 0.954, 0.514, 0.372, 1.29, 24.4, 39.5, 4.91, 0.34, 0.939, 0.671, 0.0791, 0.127, 0.259, 0.281, 0.135, 0.208, 0.303, 0.282, 0.509, 0.319, 0.13, 0.0288, 0.0665, 0.065, 0.0957, 0.0829, 0.0538, 0.018, 0.0511, 0.133, 0.257, 0.122, 0.043, 0.012, 0.00926, 0.0168, 0.000341, 3.94e-006, 0.00847, 0.0194, 0.00812, 0.00109, 0.00468, 0.00715, 0.00687, 0.00133, 0.00104, 0.00333, 0.0137, 0.0135, 0.00184, 0.000571, 0.000931, 0.001, 0.0123, 0.0078, 0.000304, 0.000801, 0.000586, 0.000133, 3.21e-005, 0.00015, 0.000645, 0.000237, 0.000218, 0.000149, 3.78e-005, 3.08e-005, 2.01e-005, 0.000123, 5.72e-005, 2.98e-005, 0.000145, 7.34e-005, 2.51e-005, 1.85e-005, 5.04e-006, 1.75e-005, 2.31e-005, 2.87e-005, 1.22e-005, 5.47e-006, 6.73e-006, 2.01e-006, 1.86e-005, 2.12e-005, 1.32e-005, 7.32e-006, 3.42e-006, 4.41e-007, 1.74e-006, 7.71e-007, 2.29e-007, 1.55e-006, 3.81e-006, 1.65e-006, 2.99e-007, 7.36e-007, 5.04e-008, 2.46e-007, 5.15e-008, 1.3e-007, 5.86e-008, 1.87e-007, 7.38e-007, 3.01e-007, 1.24e-007, 1.81e-007, 1.12e-007, 3.26e-008, 2.87e-008, 2.08e-008, 6.24e-009, 2.35e-009, 7.37e-010, 5.04e-009, 1.19e-008, 4.39e-009, 1.1e-009, 6.11e-009, 3.84e-009, 1.91e-010, 2.88e-010, 4.6e-010, 9.43e-010, 4.76e-010, 1.57e-010, 1.26e-010, 1.32e-010, 2.13e-010, 1.48e-010, 1.93e-010, 6.96e-011, 3.35e-011, 2.8e-012, 4.31e-011, 2.75e-011, 5.11e-012, 4.88e-014, 3.26e-012, 8.95e-013, 1.44e-012, 1.75e-013, 3.76e-013, 1.29e-013, 8.53e-013, 1.56e-014, 1.52e-013, 1.56e-013, 1.08e-013, 1.02e-013, 1.39e-013, 1.13e-013, 1.13e-013, 1.18e-013, 1.17e-013, 1.15e-013, 1.15e-013, 1.14e-013, 1.14e-013, 1.14e-013
13:44:03, 4.57, 11.2, 2.82, 7.17, 27.6, 14.8, 0.667, 2.55, 1.42, 4.09, 6.28, 4.48, 0.812, 0.323, 7.29, 12.8, 1.78, 1.35, 4.59, 2.49, 5.79, 9.02, 3.94, 0.00288, 2.12, 0.106, 0.547, 0.0717, 0.99, 3.19, 0.673, 1.99, 3.9, 1.45, 0.252, 0.00149, 1.01, 0.172, 0.124, 0.892, 0.467, 0.901, 2.96, 0.694, 1.65, 0.987, 2.23, 3.49, 1.51, 1.22, 0.372, 0.0996, 0.334, 0.255, 1.69, 0.703, 1.07, 3.43, 3.29, 1.94, 1.69, 1.05, 0.0152, 0.43, 0.139, 0.139, 0.528, 0.976, 1.61, 1.5, 0.153, 0.106, 0.222, 0.368, 0.102, 0.238, 2.28, 4.03, 0.183, 1.25, 0.622, 0.568, 1.29, 0.556, 0.275, 0.13, 0.107, 0.324, 0.412, 0.0148, 0.0361, 0.00147, 0.00401, 0.801, 2.21, 0.603, 0.204, 0.0424, 0.138, 18.2, 36, 4.76, 0.19, 0.255, 0.673, 0.201, 0.199, 0.359, 0.129, 0.0683, 0.101, 0.339, 0.404, 0.486, 0.0875, 0.104, 0.11, 0.259, 0.153, 0.0376, 0.0971, 0.0328, 0.00104, 0.0681, 0.17, 0.234, 0.132, 0.0166, 0.018, 0.0117, 0.0135, 0.00231, 0.00373, 0.0152, 0.0054, 0.0109, 0.00505, 0.00478, 0.00476, 0.00243, 0.0031, 0.00123, 0.00142, 0.014, 0.0136, 0.00373, 0.00149, 0.00092, 0.00223, 0.0106, 0.00582, 0.00146, 0.00147, 0.000745, 0.000149, 2.88e-005, 0.000131, 0.000357, 0.000229, 0.000197, 7.7e-005, 9.53e-005, 8.1e-005, 6.97e-005, 0.00012, 4.55e-005, 2.49e-005, 5.68e-005, 3.07e-005, 7.03e-006, 7.46e-006, 1.51e-005, 2.68e-005, 4.35e-006, 2.15e-005, 1.19e-005, 3.15e-006, 7.15e-006, 7.8e-006, 1.37e-005, 1.34e-005, 9.21e-006, 2.8e-006, 2.97e-006, 2.12e-007, 1.4e-006, 1.19e-006, 5.72e-007, 1.99e-006, 2.52e-006, 1.57e-006, 3.37e-008, 8.14e-007, 3.9e-007, 3.14e-007, 2.53e-007, 1.94e-007, 9.56e-008, 4.37e-008, 7.09e-007, 4.14e-007, 4.15e-008, 9.28e-008, 8.06e-008, 9.48e-009, 2.83e-008, 8.14e-009, 1.39e-008, 7.29e-009, 3.96e-009, 3.46e-009, 9.99e-009, 4.61e-009, 1.9e-009, 4.28e-009, 4.03e-009, 9.76e-010, 6.81e-010, 3.89e-011, 5.2e-010, 1.2e-010, 6.48e-012, 6.63e-011, 7.57e-011, 6.27e-011, 7.51e-011, 2.25e-010, 1.65e-010, 4.9e-011, 1.58e-011, 3.55e-011, 2.7e-011, 2.02e-012, 1.57e-012, 9.46e-013, 2.17e-012, 1.43e-012, 2.65e-014, 4.42e-013, 6.12e-013, 3.93e-014, 4.12e-013, 2.32e-013, 1.78e-013, 1.83e-013, 1.73e-013, 1.96e-013, 1.8e-013, 1.9e-013, 1.84e-013, 1.78e-013, 1.82e-013, 1.8e-013, 1.79e-013, 1.79e-013, 1.79e-013
13:44:03, 0.00199, 8.79, 2.27, 7.2, 20.2, 14.1, 4.74, 2.85, 1.78, 8.67, 9.04, 5.46, 2.11, 1.26, 14.5, 18.7, 0.479, 4.55, 6.39, 4.58, 8.87, 8.5, 2, 1.22, 2.5, 1.03, 0.276, 0.0378, 0.426, 3.53, 2.23, 2.49, 1.49, 1.34, 0.313, 0.873, 0.925, 0.0586, 0.2, 0.287, 1.2, 2.32, 3.66, 0.289, 1.51, 2.87, 3.27, 3.11, 2.55, 1.67, 0.529, 0.0228, 0.456, 0.898, 2.09, 1.98, 2.53, 3.67, 1.21, 0.532, 0.579, 0.551, 0.353, 0.236, 0.0442, 0.16, 0.784, 1.59, 2.85, 0.925, 0.0812, 0.0942, 0.428, 0.342, 0.261, 0.317, 1.19, 4.5, 2.27, 1.49, 0.192, 1.46, 0.922, 0.253, 0.338, 0.024, 0.155, 0.234, 0.293, 0.04, 0.00657, 0.0191, 0.00905, 0.929, 2.31, 0.685, 0.13, 0.433, 0.177, 18.3, 28.6, 3.63, 0.497, 0.0901, 0.578, 0.161, 0.163, 0.412, 0.00953, 0.0662, 0.1, 0.203, 0.287, 0.276, 0.0734, 0.105, 0.44, 0.553, 0.202, 0.000169, 0.0833, 0.0255, 0.00129, 0.0945, 0.107, 0.146, 0.105, 0.00149, 0.016, 0.00854, 0.00804, 0.0143, 0.0174, 0.0233, 0.000684, 0.0148, 0.00974, 0.00135, 0.0023, 7.79e-005, 0.00413, 0.00164, 0.00155, 0.00958, 0.00926, 0.00356, 0.00218, 0.000767, 0.00183, 0.00911, 0.00295, 0.00199, 0.00237, 0.000293, 0.000272, 7.74e-005, 0.000148, 0.000209, 3.99e-005, 0.000154, 1.04e-005, 0.0001, 0.000146, 9.99e-005, 6.34e-005, 5.83e-005, 2.02e-005, 1.24e-005, 2.7e-005, 9.13e-006, 5.6e-007, 2.46e-005, 2.36e-005, 2.56e-006, 1.78e-005, 7.97e-006, 1.24e-006, 5.43e-006, 8.91e-006, 6.67e-006, 3.4e-006, 4.15e-006, 1.81e-007, 1.36e-006, 1.1e-006, 1.36e-006, 1.13e-006, 1.48e-006, 1.41e-006, 9.49e-007, 1.48e-006, 2.34e-007, 7.08e-007, 6.71e-007, 2.93e-007, 3.63e-007, 2.58e-007, 4.45e-008, 8.78e-008, 7.86e-007, 2.75e-007, 1.46e-008, 4.31e-008, 8.49e-008, 1.54e-008, 1.65e-008, 6.1e-010, 2.77e-008, 2.27e-008, 4.93e-009, 1.96e-009, 4.98e-009, 4.77e-009, 1.36e-009, 2.55e-009, 2.04e-009, 2.03e-009, 8.7e-010, 1.45e-010, 3.91e-010, 7.74e-012, 7.1e-011, 1.53e-010, 1.02e-010, 9.46e-012, 1.81e-011, 1.46e-010, 2.12e-010, 6.41e-011, 2.93e-011, 2.43e-011, 1.51e-011, 3.05e-012, 1.3e-012, 6.01e-013, 4.65e-012, 8.54e-013, 4.93e-013, 9.02e-013, 9.98e-013, 9.31e-013, 3.65e-013, 6.93e-013, 6.63e-013, 6.38e-013, 6.12e-013, 5.79e-013, 6.42e-013, 5.95e-013, 5.98e-013, 5.96e-013, 5.91e-013, 5.88e-013, 5.86e-013, 5.84e-013, 5.83e-013
13:44:03, 3.11, 13, 7.19, 5.11, 11.1, 7.36, 10.3, 4.06, 2.9, 11.2, 7.46, 3.38, 3.38, 4.2, 19, 24.3, 6.03, 8.96, 5.41, 3.22, 8.79, 6.05, 0.234, 2.66, 3.66, 1.39, 0.14, 0.278, 0.335, 3.18, 3.47, 2.41, 0.121, 1.13, 1.7, 3.16, 1.52, 0.0953, 0.134, 0.116, 1.48, 3.98, 3.11, 0.778, 1.46, 3.83, 2.95, 1.31, 2.34, 1.24, 0.705, 0.138, 0.648, 1.28, 1.65, 2.44, 2.96, 2.23, 0.349, 0.154, 0.167, 0.0431, 0.789, 0.303, 0.0554, 0.447, 0.663, 1.22, 3.55, 0.672, 0.11, 0.314, 0.577, 0.0668, 0.547, 0.119, 0.547, 3.61, 5.36, 2.13, 0.183, 2.19, 0.918, 0.215, 0.336, 0.0153, 0.0729, 0.105, 0.157, 0.217, 0.0728, 0.106, 0.151, 1.03, 1.64, 0.832, 0.215, 0.225, 1.47, 23.5, 24.2, 0.356, 1.58, 0.41, 0.275, 0.108, 0.125, 0.34, 0.136, 0.171, 0.231, 0.0488, 0.12, 0.106, 0.0692, 0.2, 0.72, 0.809, 0.169, 0.00695, 0.0755, 0.0739, 0.0239, 0.16, 0.057, 0.101, 0.109, 0.00397, 0.00376, 0.00905, 0.00744, 0.0281, 0.0279, 0.0279, 0.0119, 0.0176, 0.00901, 6.55e-005, 0.000741, 0.00075, 0.00486, 0.00388, 0.000978, 0.00566, 0.00498, 0.00139, 0.00246, 0.000158, 0.000442, 0.00728, 0.00392, 0.00316, 0.00311, 1.01e-006, 0.000225, 0.00013, 6.82e-005, 0.000146, 2.81e-005, 8.83e-005, 5.49e-006, 7.21e-005, 0.000163, 6.67e-005, 1.52e-005, 4.87e-005, 4.48e-006, 5.92e-007, 3.15e-005, 3.23e-005, 1.52e-005, 2.43e-005, 1.13e-005, 1.08e-005, 1.73e-005, 9.93e-006, 1.65e-006, 1.83e-006, 5.44e-006, 1.82e-006, 3.44e-008, 2.76e-006, 1.97e-007, 2.22e-007, 1.48e-006, 1.16e-006, 4.13e-007, 1.87e-006, 1.11e-006, 5.58e-007, 1.43e-006, 3.13e-007, 4.79e-007, 6.8e-007, 8.59e-008, 3.44e-007, 2.14e-007, 7.3e-009, 1.86e-007, 9.42e-007, 2.71e-007, 2.73e-008, 8.63e-008, 1.09e-007, 3.13e-008, 6.01e-009, 5.86e-009, 3.58e-008, 4.69e-008, 7.57e-009, 3.18e-009, 4.63e-010, 4.31e-009, 1.21e-010, 1.69e-009, 2.88e-010, 1.81e-009, 1.03e-009, 4.49e-010, 3.51e-010, 7.96e-011, 2.03e-010, 2.33e-010, 1.1e-010, 9.7e-012, 8.39e-012, 1.02e-010, 1.09e-010, 8.45e-011, 1.13e-011, 1.43e-011, 1.26e-011, 8.94e-013, 1.06e-012, 4.24e-013, 2.54e-012, 1.28e-012, 2.28e-013, 1.16e-013, 1.63e-013, 1.4e-014, 5.59e-014, 1.33e-014, 5.74e-015, 3.61e-016, 1.57e-015, 3.95e-015, 1.48e-016, 6.32e-016, 5.78e-016, 4.85e-016, 2.69e-016, 1.81e-016, 1.01e-016, 4.43e-017, 1.13e-017
13:44:04, 0.737, 10.1, 18.9, 0.544, 10.9, 0.0586, 15.8, 4.59, 1.87, 12.7, 3.36, 1.64, 1.99, 6.68, 15.8, 21, 16.5, 11.6, 2.48, 1.13, 4.38, 5.4, 0.419, 1.73, 4.28, 1.86, 0.127, 0.878, 1.53, 2.59, 1.92, 2.36, 0.0894, 0.47, 3.27, 5.93, 3.17, 0.668, 0.107, 0.0359, 1.53, 3.5, 2.26, 0.55, 1.47, 2.52, 1.89, 0.0823, 1.62, 0.19, 1.03, 0.5, 0.407, 1.09, 0.615, 1.68, 1.92, 0.598, 0.937, 0.451, 0.678, 0.34, 1.23, 0.591, 0.122, 0.43, 0.704, 0.56, 4.04, 0.945, 0.151, 0.532, 0.69, 0.0815, 0.913, 0.263, 0.196, 2.32, 6.16, 2.85, 0.895, 2.06, 1.6, 0.456, 0.23, 0.171, 0.0309, 0.144, 0.101, 0.666, 0.29, 0.159, 0.395, 0.908, 0.574, 0.806, 0.0564, 0.0276, 2.54, 29.6, 25.1, 1.15, 2.5, 0.682, 0.0259, 0.32, 0.2, 0.105, 0.435, 0.442, 0.178, 0.0479, 0.118, 0.0406, 0.0458, 0.209, 0.729, 0.788, 0.144, 0.00432, 0.0825, 0.16, 0.105, 0.16, 0.111, 0.148, 0.134, 0.011, 0.00475, 0.0128, 0.018, 0.0363, 0.0163, 0.027, 0.0245, 0.0131, 0.00663, 0.000851, 2.58e-005, 0.00205, 0.00611, 0.006, 0.000354, 0.00419, 0.00402, 0.00136, 0.00208, 3.46e-005, 5.84e-005, 0.00543, 0.00873, 0.0066, 0.00344, 0.000202, 0.0001, 0.00012, 2.43e-006, 0.000184, 0.000154, 4.92e-005, 9.81e-006, 6.35e-005, 0.000108, 2.43e-005, 2.5e-006, 4.46e-005, 2.14e-006, 4.99e-006, 3.37e-005, 4.67e-005, 3.94e-005, 1.98e-005, 1.87e-006, 1.25e-005, 1.3e-005, 1.12e-005, 5.07e-006, 3.93e-006, 4.64e-006, 1.29e-006, 2.67e-006, 3.14e-006, 6.62e-007, 3.13e-007, 8.75e-007, 5.99e-007, 5.13e-008, 1.71e-006, 1.54e-006, 9.69e-007, 1.11e-006, 1.2e-007, 2.96e-007, 5.64e-007, 8.99e-009, 2.11e-007, 1.44e-007, 6.24e-009, 2.01e-007, 1.16e-006, 4.89e-007, 6.84e-008, 1.16e-007, 1.16e-007, 2.55e-008, 2.01e-009, 7.77e-009, 3.76e-008, 5.81e-008, 2.17e-008, 5.5e-009, 5.61e-010, 3e-009, 1.33e-009, 1.45e-009, 3.04e-010, 1.14e-009, 6.17e-010, 5.79e-010, 1.78e-010, 3.06e-010, 3.67e-010, 1.61e-010, 1.01e-010, 3.54e-011, 3.36e-011, 5.07e-011, 2.26e-011, 6.6e-011, 4.06e-012, 5.95e-012, 1.43e-011, 2.82e-012, 1.08e-012, 7.13e-013, 1.84e-012, 2.25e-012, 3.84e-013, 2.11e-013, 1.66e-013, 1.02e-013, 2.18e-013, 5.54e-015, 3.97e-014, 1.75e-014, 3.75e-014, 1.51e-014, 2.51e-014, 1.99e-014, 1.61e-014, 1.67e-014, 1.5e-014, 1.43e-014, 1.36e-014, 1.31e-014, 1.29e-014
13:44:04, 0.0989, 8.94, 30.2, 12.9, 21.5, 10.4, 16.2, 4.58, 1.69, 12.5, 3.29, 1.13, 0.182, 5.96, 7.41, 10.7, 19.3, 9.72, 1.31, 0.417, 0.795, 5.55, 2.6, 0.0787, 4.44, 2.38, 0.398, 1.54, 4.02, 1.91, 0.84, 2.16, 0.414, 0.133, 3.72, 6.67, 4.53, 1.63, 0.334, 0.11, 1.4, 1.53, 1.37, 0.0217, 1.08, 0.646, 1.17, 0.419, 0.952, 0.183, 1.35, 0.652, 0.0777, 0.647, 0.0357, 0.68, 0.944, 0.043, 1.52, 1.28, 1.46, 1.51, 1.82, 0.63, 0.173, 0.16, 0.975, 1.59, 4.12, 1.17, 0.148, 0.476, 0.607, 0.569, 1.23, 0.972, 0.0682, 1.95, 3.72, 3.17, 0.878, 1.45, 2.27, 0.503, 0.0737, 0.361, 0.323, 0.516, 0.746, 1.25, 0.501, 0.107, 0.414, 0.79, 0.0695, 0.716, 0.00538, 0.026, 2.65, 32, 29.3, 3.52, 1.99, 1.43, 0.303, 0.649, 0.304, 0.0369, 0.637, 0.721, 0.0883, 0.0857, 0.245, 0.0936, 0.0244, 0.12, 0.427, 0.584, 0.103, 0.000357, 0.0799, 0.251, 0.164, 0.075, 0.167, 0.177, 0.13, 0.0278, 0.00716, 0.0132, 0.0319, 0.0284, 0.00224, 0.0221, 0.0206, 0.00646, 0.00246, 0.00306, 0.000855, 0.00427, 0.00395, 0.00605, 0.00224, 0.00284, 0.00428, 0.00323, 0.00217, 0.00016, 0.00015, 0.00441, 0.0116, 0.00851, 0.00294, 0.000645, 8.78e-005, 0.000148, 0.000129, 0.000244, 0.000229, 3.28e-005, 6.1e-006, 3.49e-005, 8.35e-005, 3.66e-007, 4.06e-005, 5.61e-005, 1.25e-005, 1.35e-005, 3.32e-005, 2.89e-005, 5.29e-005, 1.83e-005, 9.31e-007, 5.14e-006, 7.88e-006, 6.57e-006, 1.31e-005, 1.18e-005, 8.94e-006, 3.57e-006, 4.34e-006, 4.01e-006, 9.01e-007, 4.95e-007, 7.73e-007, 1.99e-007, 8.22e-007, 1.92e-006, 1.32e-006, 9.81e-007, 7.9e-007, 3.27e-008, 1.55e-007, 6.26e-007, 1.32e-007, 5.51e-008, 1.12e-007, 3.31e-009, 2.08e-007, 1.34e-006, 7.31e-007, 6.43e-008, 9.14e-008, 1.01e-007, 7.43e-009, 1.95e-009, 9.23e-009, 2.04e-008, 5.05e-008, 3.67e-008, 7.02e-009, 1.48e-009, 2.72e-009, 1.86e-009, 1.34e-009, 1.98e-009, 1.13e-009, 3.34e-010, 5.43e-010, 7.12e-011, 3.82e-010, 4.4e-010, 6.54e-011, 8.33e-011, 8.34e-011, 2.84e-011, 2.57e-011, 3.27e-013, 4.41e-011, 8.44e-012, 3.26e-012, 1.26e-011, 5.93e-012, 1.45e-013, 4.42e-014, 2.08e-012, 1.66e-012, 6.01e-013, 1.04e-013, 2.04e-013, 4.16e-013, 2.69e-014, 7.7e-014, 3.69e-014, 1.24e-014, 3.83e-014, 1.53e-014, 2.15e-014, 1.33e-014, 1.37e-014, 1.06e-014, 9.11e-015, 7.92e-015, 6.79e-015, 6.05e-015, 5.6e-015
13:44:04, 0.00762, 5.15, 34.7, 41.1, 37.4, 27.9, 12.7, 2.58, 4.64, 11.3, 4.35, 1.26, 0.48, 4.02, 1.21, 2.78, 12.3, 5.36, 1.32, 0.72, 0.571, 4.11, 4.83, 1.06, 5.1, 2.17, 0.485, 1.44, 5.94, 3.4, 1.32, 1.06, 0.9, 0.45, 2.88, 4.6, 3.37, 2.5, 0.67, 0.318, 1.03, 0.14, 0.785, 0.162, 0.496, 0.0333, 1.14, 0.734, 0.426, 1.34, 1.79, 0.315, 0.00844, 0.377, 0.263, 0.231, 0.385, 0.683, 1.75, 1.45, 1.63, 2.57, 1.81, 0.443, 0.114, 0.0701, 1.74, 3.42, 2.92, 1.21, 0.00801, 0.437, 0.198, 0.963, 1.4, 1.03, 0.602, 2.1, 0.837, 2.56, 0.357, 0.966, 2.28, 0.342, 0.0119, 0.383, 0.899, 1.06, 1.82, 1.77, 0.327, 0.0699, 0.268, 0.78, 0.501, 0.935, 0.234, 0.0752, 1.86, 29.9, 32.6, 1.91, 2.09, 1.57, 0.831, 0.893, 0.319, 0.166, 0.652, 0.691, 0.156, 0.15, 0.389, 0.188, 0.00733, 0.0671, 0.117, 0.325, 0.128, 0.00719, 0.105, 0.238, 0.155, 0.00647, 0.165, 0.0942, 0.0953, 0.042, 0.00682, 0.00864, 0.0346, 0.0111, 0.00346, 0.0196, 0.0125, 0.00301, 0.000371, 0.007, 0.0062, 0.00719, 0.000319, 0.00607, 0.00434, 0.00084, 0.00416, 0.00234, 0.00273, 0.000717, 3.27e-005, 0.00456, 0.00865, 0.00619, 0.00189, 0.000517, 0.000451, 0.000475, 0.000273, 0.000166, 0.000262, 2.99e-005, 4.06e-006, 1.46e-005, 0.000103, 3.29e-005, 8.24e-005, 6.78e-005, 1.69e-005, 1.66e-005, 2.25e-005, 5.55e-006, 4.43e-005, 3.41e-005, 2.85e-006, 5.61e-006, 6.65e-006, 5.52e-006, 1.9e-005, 1.59e-005, 1.29e-005, 6.04e-006, 1.92e-006, 5.54e-006, 7.68e-007, 8.37e-007, 1.44e-006, 6.55e-007, 1.56e-006, 2.19e-006, 4.57e-007, 4.2e-007, 6.95e-007, 4.35e-008, 3.2e-007, 7.44e-007, 2.01e-007, 2.1e-008, 9.44e-008, 5.77e-009, 2.28e-007, 1.38e-006, 7.96e-007, 2.16e-008, 5.65e-008, 8.68e-008, 1.43e-009, 1e-008, 7.48e-009, 5.06e-009, 2.73e-008, 3.94e-008, 6.29e-009, 8.98e-010, 2.09e-009, 1.46e-009, 4.97e-010, 4.29e-009, 2.63e-009, 9.69e-010, 4.65e-010, 1.22e-010, 2.45e-010, 3.33e-010, 1.58e-010, 1.21e-010, 6.94e-011, 2.28e-011, 7.85e-012, 1.64e-011, 3.48e-011, 1.11e-011, 1.21e-012, 2.21e-011, 2.6e-012, 2.16e-013, 4.96e-013, 1.16e-012, 1.39e-012, 3.03e-013, 2.01e-013, 6.07e-013, 1.89e-013, 6.96e-014, 1.52e-013, 6.66e-014, 5.03e-014, 7.11e-014, 7.24e-014, 5.23e-014, 6.45e-014, 5.98e-014, 5.78e-014, 5.71e-014, 5.68e-014, 5.59e-014, 5.55e-014, 5.53e-014
13:44:04, 0.265, 3.03, 33.1, 49.4, 41.7, 30.3, 8.73, 0.35, 6.89, 8.3, 3.35, 0.694, 2.15, 2.67, 0.145, 0.533, 4.95, 3.76, 0.82, 1.81, 1.12, 2, 4.98, 4.24, 5.68, 1.4, 0.417, 0.439, 6.22, 7.2, 1.72, 0.296, 1.39, 0.83, 1.43, 1.83, 0.987, 2.46, 1.36, 0.0801, 0.902, 0.215, 0.736, 0.149, 0.411, 0.55, 1.18, 0.679, 0.201, 2.55, 2.33, 0.0822, 0.187, 0.271, 0.339, 0.204, 0.296, 1.33, 1.32, 0.949, 0.825, 3.06, 0.684, 0.582, 0.202, 0.816, 3.03, 3.1, 1.41, 0.688, 0.181, 0.648, 0.0486, 1.1, 0.748, 0.714, 0.808, 2.3, 0.12, 1.99, 0.528, 0.419, 1.97, 0.603, 0.0836, 0.715, 1.32, 0.841, 2.4, 2.18, 0.0313, 0.171, 0.401, 0.545, 0.947, 1.54, 0.432, 0.113, 0.868, 24.5, 34.1, 1.26, 1.96, 0.845, 1.1, 0.78, 0.187, 0.289, 0.436, 0.413, 0.239, 0.221, 0.398, 0.229, 0.033, 0.0191, 0.0188, 0.16, 0.241, 0.0474, 0.131, 0.116, 0.109, 0.0593, 0.159, 0.00585, 0.0543, 0.0279, 0.0176, 0.0187, 0.0216, 0.0021, 0.00632, 0.0205, 0.0165, 0.00591, 0.00637, 0.011, 0.014, 0.0073, 0.000709, 0.0057, 0.00619, 0.000831, 0.00374, 0.000264, 0.00283, 0.00145, 0.000636, 0.00474, 0.00312, 0.00274, 0.000845, 0.000116, 0.000979, 0.00113, 0.000339, 0.000106, 0.000306, 7.97e-006, 2.14e-005, 6.01e-005, 0.000146, 6.56e-005, 8.47e-005, 8.21e-005, 2.35e-006, 2.3e-005, 3.25e-006, 5.01e-006, 4.38e-005, 4.57e-005, 1.05e-005, 1.35e-005, 1.01e-005, 8.04e-006, 1.63e-005, 1.04e-005, 1.1e-005, 7.69e-006, 3.74e-007, 6.74e-006, 2.03e-006, 2.17e-006, 3.21e-006, 7.72e-007, 1.39e-006, 2.37e-006, 2.11e-008, 1.33e-008, 6.74e-007, 2.99e-007, 5.36e-007, 6.78e-007, 2.15e-007, 6.69e-008, 1.14e-007, 7.51e-009, 1.98e-007, 1.33e-006, 5.97e-007, 2.51e-008, 3.19e-008, 7e-008, 2.69e-008, 2.65e-008, 2.83e-009, 1.81e-009, 1.44e-008, 3.03e-008, 3.08e-009, 5.18e-011, 1.51e-009, 5.92e-010, 2.69e-010, 6.96e-009, 5.92e-009, 1.2e-009, 2.86e-010, 4.48e-010, 7.31e-011, 2.37e-010, 4.54e-010, 1.42e-010, 1.96e-011, 2.38e-011, 8.47e-012, 3.64e-011, 1.73e-011, 1.11e-011, 1.28e-011, 2.21e-011, 6.27e-012, 2.42e-012, 1.97e-012, 3.53e-013, 8.67e-013, 1.48e-013, 7.09e-013, 1.35e-013, 3.18e-013, 4.62e-014, 1.45e-014, 9.15e-014, 1.92e-014, 3.75e-014, 2.48e-014, 2.78e-014, 1.95e-014, 1.71e-014, 1.55e-014, 1.31e-014, 1.17e-014, 1.04e-014, 9.57e-015, 9.04e-015
13:44:04, 0.177, 4.48, 25.6, 30.7, 24, 20.4, 4.28, 0.83, 7.1, 2.68, 2.82, 0.218, 3.6, 1.57, 0.318, 0.206, 1.84, 3.84, 2.34, 3.4, 0.703, 0.658, 3.54, 5.22, 4.21, 1.88, 0.773, 0.203, 6.56, 8.33, 2.19, 0.727, 2.13, 0.307, 0.735, 0.149, 0.309, 2.09, 2.53, 0.197, 1.04, 0.662, 0.709, 0.284, 0.687, 1.35, 0.722, 0.726, 0.655, 2.65, 2.74, 0.352, 0.398, 0.241, 0.17, 0.577, 0.667, 1.12, 0.489, 0.587, 0.377, 3.54, 0.151, 1.07, 1.02, 2.15, 3.32, 1.48, 0.29, 0.254, 0.384, 1.15, 1.11, 1.16, 0.0797, 0.62, 0.392, 2.62, 1.39, 1.53, 1.08, 0.0434, 1.64, 1.66, 0.636, 1.72, 1.24, 0.249, 1.84, 2.24, 0.438, 0.518, 0.567, 0.179, 0.826, 1.82, 0.909, 0.026, 0.093, 20.3, 34.3, 4.69, 0.989, 0.124, 0.814, 0.481, 0.0397, 0.2, 0.194, 0.146, 0.172, 0.198, 0.268, 0.159, 0.0919, 0.00267, 0.03, 0.177, 0.328, 0.119, 0.0625, 0.044, 0.0467, 0.21, 0.191, 0.0424, 0.0392, 0.017, 0.0474, 0.0321, 0.0116, 4.2e-005, 0.00336, 0.0165, 0.0219, 0.0161, 0.0127, 0.0105, 0.0159, 0.00651, 0.0011, 0.00594, 0.0079, 0.00393, 0.00342, 0.000474, 0.002, 0.00139, 0.00139, 0.00397, 0.000539, 0.00109, 0.000231, 8.74e-005, 0.00124, 0.00155, 0.00049, 0.000249, 0.000433, 3.89e-005, 0.000105, 0.000185, 0.000149, 4.7e-005, 4.76e-005, 9.78e-005, 1.73e-005, 4.32e-005, 9.82e-006, 3.43e-005, 5.25e-005, 2.82e-005, 2.14e-005, 2.16e-005, 1.02e-005, 6.24e-006, 8.88e-006, 3.62e-006, 5.17e-006, 9.56e-006, 2.95e-006, 5.94e-006, 4.06e-006, 4.21e-006, 5.42e-006, 7.04e-007, 1.52e-006, 2.5e-006, 3.12e-007, 1.63e-007, 7.4e-007, 5.03e-007, 5.92e-007, 4.15e-007, 1.53e-007, 1.56e-007, 1.07e-007, 2.22e-008, 2.23e-007, 1.17e-006, 3.58e-007, 3.4e-008, 2.03e-008, 3.87e-008, 5.76e-008, 4.08e-008, 1.23e-008, 5.18e-009, 2.25e-008, 2.09e-008, 4.2e-010, 5.89e-010, 1.28e-009, 3e-012, 1.67e-009, 1.04e-008, 8.98e-009, 7.41e-010, 1.91e-010, 4.77e-010, 1.48e-010, 3.57e-010, 6.08e-010, 1.76e-010, 3.06e-012, 1.01e-011, 3.54e-011, 5.08e-011, 2.61e-012, 1.49e-011, 2e-011, 2.12e-011, 7.7e-012, 3.66e-012, 4.67e-012, 5.83e-013, 1.87e-012, 3.47e-013, 3.41e-013, 9.64e-013, 2.51e-013, 3.53e-013, 1.65e-013, 4.44e-013, 2.66e-013, 2.76e-013, 2.92e-013, 2.69e-013, 2.73e-013, 2.71e-013, 2.64e-013, 2.61e-013, 2.59e-013, 2.57e-013, 2.56e-013, 2.55e-013
13:44:04, 0.202, 3.74, 12.4, 11.8, 5.19, 10, 0.765, 3.51, 6.56, 0.364, 3.45, 2.78, 3.28, 0.702, 0.125, 0.044, 0.632, 3.28, 4.85, 3.72, 0.331, 0.259, 1.58, 3.28, 1.31, 2.99, 2.27, 1.92, 5.54, 6.12, 1.94, 1.64, 2.61, 0.365, 0.64, 0.228, 0.751, 3.03, 3.8, 0.819, 0.935, 0.744, 0.369, 0.866, 1.37, 1.58, 0.144, 0.739, 1.4, 1.26, 2.84, 1.06, 0.284, 0.309, 0.365, 1.41, 0.984, 0.338, 0.306, 0.549, 2.05, 4.06, 1.25, 1.42, 1.78, 2.63, 2.27, 0.363, 0.022, 0.122, 0.171, 2.1, 2.77, 1.2, 0.308, 0.653, 0.702, 2.59, 2.22, 0.778, 1.12, 0.261, 1.73, 1.89, 1.66, 2.58, 1.09, 0.208, 0.696, 1.76, 1.43, 0.816, 0.381, 0.0589, 0.565, 1.57, 0.777, 0.442, 0.278, 20.4, 33.2, 4.57, 0.807, 0.11, 0.265, 0.322, 0.00182, 0.0489, 0.117, 0.0748, 0.0935, 0.134, 0.144, 0.0624, 0.129, 0.0429, 0.0788, 0.199, 0.343, 0.125, 0.0111, 0.0306, 0.0406, 0.253, 0.248, 0.121, 0.0501, 0.0374, 0.0731, 0.0304, 0.00637, 0.000915, 0.00135, 0.00838, 0.0165, 0.0218, 0.0143, 0.00326, 0.0135, 0.0046, 0.00036, 0.00492, 0.00895, 0.00442, 0.00357, 0.00217, 0.000538, 0.00123, 0.000583, 0.00329, 0.00132, 0.000653, 0.000115, 0.000296, 0.00122, 0.00119, 0.000555, 0.000485, 0.000541, 0.000158, 0.000208, 0.000358, 7.8e-005, 2.55e-005, 7.41e-006, 0.000108, 7.88e-005, 7.42e-005, 5.75e-005, 7.62e-005, 3.79e-005, 1.1e-005, 1.31e-005, 2.99e-005, 5.2e-006, 3.73e-006, 1.68e-006, 2.04e-006, 3.97e-006, 1.08e-005, 3.98e-006, 4.34e-006, 3.26e-006, 5.06e-006, 6.08e-006, 1.79e-006, 2.12e-006, 2.14e-006, 7.52e-007, 6.92e-007, 1.06e-006, 1.53e-007, 6.1e-007, 1.54e-007, 5.88e-008, 1.37e-007, 9.54e-008, 1.86e-008, 2.59e-007, 1.04e-006, 2.24e-007, 2.03e-008, 3.76e-009, 1.67e-008, 5.23e-008, 4.46e-008, 2.11e-008, 1.83e-008, 3.56e-008, 1.62e-008, 1.24e-010, 6.22e-010, 1.68e-009, 8.18e-010, 3.87e-009, 1.3e-008, 8.71e-009, 7.81e-010, 1.69e-010, 2.63e-010, 2.43e-010, 4.45e-010, 5.3e-010, 2.19e-010, 1.22e-011, 9.14e-013, 6.78e-011, 7.69e-011, 5.53e-012, 9.66e-012, 1.5e-011, 1.2e-011, 8.51e-012, 1.95e-012, 5.11e-012, 1.53e-012, 1.39e-012, 2.47e-013, 2.57e-013, 3.23e-013, 1.08e-013, 3.15e-013, 1.52e-013, 1.94e-013, 1.37e-013, 1.31e-013, 1.54e-013, 1.42e-013, 1.52e-013, 1.44e-013, 1.45e-013, 1.45e-013, 1.44e-013, 1.44e-013, 1.44e-013, 1.44e-013
13:44:04, 1.2, 4.06, 2.51, 6.47, 2.88, 3.86, 0.117, 3.64, 6.02, 1.82, 4.66, 7.94, 1.94, 0.158, 0.114, 0.0344, 0.138, 2.45, 3.51, 4.16, 0.361, 0.457, 0.219, 1.78, 0.0789, 3.43, 4.02, 2.53, 3.07, 3.37, 0.56, 2.06, 2.23, 1.17, 1.09, 0.977, 0.666, 3.73, 6.44, 0.665, 1.06, 0.681, 0.275, 1.07, 1.68, 1.27, 0.0712, 0.521, 1.73, 0.03, 2.93, 1.31, 0.103, 0.229, 1.05, 2.57, 0.753, 0.0682, 0.519, 1.31, 4.49, 3.58, 2.07, 1.56, 1.23, 1.83, 1.05, 0.0751, 0.148, 0.123, 0.291, 2.64, 3.76, 0.9, 0.654, 1.14, 1.08, 1.63, 2.05, 0.0541, 0.919, 1.07, 1.62, 0.955, 2.08, 2.42, 0.873, 0.589, 0.0745, 1.13, 1.89, 0.763, 0.089, 0.129, 0.654, 0.709, 0.564, 0.466, 1.3, 22.7, 29.7, 1.63, 0.956, 0.406, 0.0126, 0.371, 0.0738, 0.118, 0.127, 0.0785, 0.186, 0.293, 0.0969, 0.0184, 0.133, 0.114, 0.0828, 0.131, 0.242, 0.105, 0.0128, 0.0384, 0.0445, 0.224, 0.174, 0.156, 0.062, 0.0335, 0.106, 0.0107, 0.00782, 0.000457, 0.000794, 0.00374, 0.0059, 0.0155, 0.0106, 0.000393, 0.0122, 0.00202, 1.26e-005, 0.00343, 0.00762, 0.00139, 0.00342, 0.00278, 6.57e-005, 0.000964, 6.69e-005, 0.00339, 0.00241, 0.000303, 0.00031, 0.00058, 0.000809, 0.000539, 0.000328, 0.000416, 0.000736, 0.000102, 0.000307, 0.000567, 3.37e-005, 1.19e-005, 1.46e-005, 0.000114, 9.18e-005, 8.26e-005, 0.000112, 8.96e-005, 1.73e-005, 3.21e-006, 2.36e-006, 3.26e-005, 7.68e-006, 2.85e-006, 6.42e-008, 1.58e-006, 6.83e-006, 1.04e-005, 1.1e-006, 3.42e-006, 7.27e-007, 4.23e-006, 4.43e-006, 2.34e-006, 2.8e-006, 1.01e-006, 7.61e-007, 1.21e-006, 1.26e-006, 8.27e-008, 6.89e-007, 9.16e-008, 6.47e-009, 1.01e-007, 3.66e-008, 2.47e-008, 2.23e-007, 9.48e-007, 2.55e-007, 1.19e-008, 2.53e-009, 3.27e-009, 3.26e-008, 3.01e-008, 1.58e-008, 3.28e-008, 3.12e-008, 1.53e-008, 1.25e-009, 1.04e-010, 2.99e-009, 2.14e-009, 4.46e-009, 1.11e-008, 6.53e-009, 7.63e-010, 2.52e-010, 6.59e-011, 1.78e-010, 3.23e-010, 3.15e-010, 1.96e-010, 6.29e-011, 1.57e-011, 7.61e-011, 1.24e-010, 1.05e-011, 3.43e-012, 1.88e-011, 8.82e-015, 3.99e-012, 4.5e-012, 5.51e-012, 2.21e-012, 3.45e-012, 7.61e-013, 2.46e-012, 8.81e-013, 1.85e-012, 8.05e-013, 1.75e-012, 1.29e-012, 1.35e-012, 1.25e-012, 1.28e-012, 1.34e-012, 1.24e-012, 1.26e-012, 1.24e-012, 1.24e-012, 1.24e-012, 1.23e-012, 1.23e-012, 1.23e-012
13:44:04, 0.000139, 0.699, 1.02, 12.2, 3.45, 2.74, 0.526, 4.36, 7.22, 1.15, 8.06, 10.4, 2.11, 0.307, 0.196, 0.301, 0.221, 3.97, 0.05, 6.24, 1.2, 1.23, 0.756, 2.3, 0.806, 2.42, 5.91, 0.546, 1.21, 1.52, 0.266, 1.64, 1.18, 1.25, 1.15, 1.83, 0.316, 3.61, 10.2, 1.98, 2.46, 1.04, 0.232, 0.886, 0.846, 1.08, 0.198, 0.308, 1.65, 0.747, 3.21, 1.08, 0.0528, 0.048, 1.9, 3.17, 0.768, 0.0815, 0.358, 2.59, 5.88, 1.89, 1.58, 1.39, 0.323, 0.75, 0.319, 0.307, 0.397, 0.377, 0.16, 2.86, 3.42, 0.428, 0.557, 1.68, 0.618, 0.629, 1.52, 0.21, 0.553, 1.27, 0.935, 0.274, 1.63, 1.76, 0.44, 0.567, 0.156, 1.14, 0.968, 0.693, 0.00174, 0.0554, 0.847, 0.213, 0.246, 0.292, 1.31, 22.6, 27.3, 0.717, 0.242, 1.26, 0.23, 0.345, 0.312, 0.464, 0.232, 0.046, 0.366, 0.628, 0.302, 0.0145, 0.236, 0.091, 0.0697, 0.0187, 0.131, 0.0759, 0.0336, 0.0503, 0.00549, 0.23, 0.061, 0.178, 0.106, 0.0486, 0.158, 0.0158, 0.0105, 0.000285, 0.000723, 0.00163, 0.00231, 0.00781, 0.00419, 0.00997, 0.0129, 0.00117, 0.000339, 0.00193, 0.00542, 0.000292, 0.00262, 0.00163, 0.000961, 0.00113, 0.000616, 0.00336, 0.00356, 2.46e-005, 0.000851, 0.000721, 0.000315, 9.08e-005, 0.000122, 0.000176, 0.000893, 0.000173, 0.000589, 0.000786, 7.51e-005, 4.64e-006, 2.47e-005, 0.000135, 3.8e-005, 7.17e-005, 0.000104, 6.36e-005, 1.44e-005, 1.68e-006, 7.2e-006, 3.05e-005, 1.47e-005, 2.91e-006, 7.87e-007, 6.91e-007, 7.15e-006, 9.09e-006, 3.69e-007, 1.86e-006, 1.01e-006, 3.73e-006, 2.17e-006, 1.32e-006, 2.65e-006, 2.51e-007, 3.26e-007, 1.21e-006, 9.09e-007, 6.91e-007, 1.01e-006, 2.97e-007, 3.57e-008, 1.08e-007, 2.28e-008, 3.42e-008, 1.18e-007, 9.75e-007, 2.89e-007, 7.49e-009, 1.73e-008, 2.38e-009, 2.83e-008, 1.62e-008, 7.12e-009, 3.37e-008, 1.26e-008, 1.34e-008, 3.77e-009, 1.34e-009, 3.07e-009, 3.1e-009, 1.87e-009, 7.45e-009, 4.16e-009, 2.09e-010, 3.69e-010, 1.11e-012, 7.21e-011, 1.73e-010, 6.35e-011, 1.97e-010, 3.78e-011, 6.66e-011, 1.08e-010, 8.09e-011, 2.81e-011, 5.59e-012, 1.15e-011, 1.64e-013, 2.17e-012, 4.11e-014, 2.22e-012, 2.04e-012, 7.14e-013, 1.57e-013, 2.12e-013, 2.07e-013, 1.44e-013, 2.42e-013, 8.34e-014, 8.87e-014, 9.03e-014, 8.31e-014, 9.24e-014, 5.74e-014, 7.57e-014, 6.92e-014, 6.41e-014, 6.25e-014, 6.02e-014, 5.89e-014, 5.79e-014, 5.73e-014
13:44:05, 6.79, 1.19, 6.3, 39.5, 18.4, 20.3, 18.1, 28.2, 17.1, 5.77, 7.23, 7.63, 9.07, 3.86, 3.89, 5.64, 6.47, 12.3, 5.68, 10.2, 1.78, 1.06, 4.22, 6.52, 1.69, 2.87, 8.39, 0.582, 0.87, 1.17, 2.47, 1.44, 0.353, 0.709, 0.784, 1.84, 0.74, 4.46, 11.7, 6.15, 4.4, 2.19, 0.0221, 0.955, 0.0174, 1.14, 0.255, 0.331, 1.4, 2.03, 3.04, 1.37, 0.177, 0.307, 2.38, 2.7, 0.775, 0.092, 0.144, 2.91, 5.6, 0.844, 0.825, 1.32, 0.475, 0.423, 0.133, 0.289, 0.824, 1.23, 0.113, 3.79, 2.07, 0.275, 0.537, 2.12, 0.0741, 0.0656, 1.31, 0.853, 0.0726, 1.13, 0.0669, 0.536, 2.31, 1.96, 0.493, 0.259, 0.381, 1.96, 0.222, 1.24, 0.583, 0.204, 1.61, 0.893, 0.509, 0.339, 0.15, 21.7, 32.5, 1.1, 1.66, 3.27, 1.16, 0.0777, 0.73, 1.61, 0.679, 0.258, 0.233, 0.796, 1.03, 0.456, 0.681, 0.0774, 0.122, 0.043, 0.0521, 0.0397, 0.0304, 0.0397, 0.0385, 0.333, 0.191, 0.264, 0.196, 0.12, 0.186, 0.0751, 0.0236, 0.000958, 0.000657, 0.00158, 0.00671, 0.00723, 0.00437, 0.0222, 0.0141, 0.00121, 0.000218, 0.00071, 0.00364, 0.00272, 0.00187, 0.000164, 0.00255, 0.00231, 0.000133, 0.00407, 0.005, 0.000921, 0.00146, 0.000354, 0.00018, 0.000105, 0.000127, 5.94e-005, 0.000866, 0.000784, 0.000976, 0.000897, 0.000139, 2.86e-006, 2.26e-005, 0.000149, 3.61e-005, 7.12e-005, 3.86e-005, 3.51e-005, 1.49e-005, 2.8e-006, 1.25e-005, 2.85e-005, 1.25e-005, 2.56e-006, 1.57e-006, 4.81e-008, 6.16e-006, 7.59e-006, 1.08e-006, 8.28e-007, 3.72e-006, 4.18e-006, 6.69e-007, 4.84e-007, 2.78e-006, 2.82e-008, 1.05e-007, 9.13e-007, 2.63e-007, 1.13e-006, 1.4e-006, 5.75e-007, 9.9e-008, 1.06e-007, 8.32e-008, 5.3e-008, 1.9e-007, 1.02e-006, 3.42e-007, 1.26e-008, 4.32e-008, 1.86e-008, 2.01e-008, 1.57e-008, 1.3e-008, 1.88e-008, 1.83e-009, 7.24e-009, 7.75e-009, 2.49e-009, 2.17e-009, 2.08e-009, 9.42e-011, 3.61e-009, 3.37e-009, 2.8e-010, 4.67e-010, 5.07e-012, 7.73e-011, 1.47e-010, 9.34e-011, 1.66e-010, 1.72e-011, 1.38e-010, 8.34e-011, 3.06e-011, 2.5e-011, 1.94e-011, 1.56e-011, 1.35e-012, 5.5e-013, 5.27e-013, 2.28e-012, 2.09e-012, 3.2e-013, 4.66e-014, 1.11e-013, 2.25e-014, 9.47e-014, 7.61e-014, 1.08e-013, 1.55e-014, 3.84e-014, 1.92e-014, 2.62e-014, 1.84e-014, 2.13e-014, 1.76e-014, 1.8e-014, 1.67e-014, 1.63e-014, 1.59e-014, 1.55e-014, 1.53e-014
13:44:05, 3.09, 13.9, 27.3, 120, 106, 91.4, 85, 80.3, 41.3, 18.2, 6.08, 6.2, 20.7, 13.9, 13.9, 17.4, 22.7, 27.4, 21.1, 14.3, 1.85, 1.12, 8.35, 13.5, 5.51, 7.28, 12.2, 4.17, 1.77, 1.6, 4.11, 2.91, 1.51, 0.694, 0.713, 0.744, 1.7, 5.49, 8.89, 7.93, 5.08, 2.78, 0.709, 1.77, 0.716, 1.11, 0.321, 0.38, 0.991, 1.7, 2.22, 1.42, 0.647, 1.01, 1.98, 1.42, 0.617, 0.0172, 0.0455, 2.65, 3.41, 1.34, 0.6, 1.12, 1.63, 0.804, 0.13, 0.0937, 1.05, 2.29, 1.66, 4.33, 2.01, 0.295, 2.14, 2.46, 0.108, 0.0768, 0.928, 1.53, 0.245, 1.15, 0.197, 0.905, 4.23, 4.35, 1.5, 0.197, 0.323, 2.83, 2.19, 3.29, 2.69, 1.44, 2.42, 2.55, 1.51, 1.7, 1.18, 24.4, 41, 7.05, 5.17, 5.2, 2.45, 0.414, 1.52, 3.26, 1.71, 0.637, 0.0246, 0.721, 1.86, 1.66, 1.26, 0.379, 0.265, 0.207, 0.0466, 0.0342, 0.013, 0.018, 0.167, 0.611, 0.519, 0.253, 0.266, 0.187, 0.107, 0.166, 0.0733, 0.0166, 0.00543, 0.00647, 0.00639, 0.0101, 0.0164, 0.0209, 0.0134, 0.00259, 0.000178, 0.000122, 0.00389, 0.00407, 0.00107, 0.000383, 0.00388, 0.00385, 0.000453, 0.00515, 0.00609, 0.00171, 0.00154, 0.000389, 0.000268, 0.000532, 0.000406, 1.44e-005, 0.00103, 0.00139, 0.000864, 0.000815, 0.000196, 3.81e-008, 3.21e-005, 0.000143, 8.41e-005, 8.46e-005, 1.61e-005, 2.6e-005, 3.84e-006, 7.72e-006, 4.95e-006, 2.97e-005, 4.26e-006, 2.86e-006, 4.64e-007, 1.37e-006, 8.58e-006, 4.36e-006, 1.27e-006, 1.04e-007, 7.22e-006, 5.96e-006, 7.05e-008, 2.66e-006, 3.75e-006, 3.67e-007, 5.7e-007, 7.99e-007, 7.44e-008, 8.83e-007, 1.2e-006, 9.4e-007, 8.86e-008, 1.03e-007, 1.95e-007, 5.08e-008, 2.87e-007, 1.02e-006, 4.43e-007, 5.8e-008, 7.76e-008, 2.41e-008, 9.86e-009, 1.26e-008, 1.73e-008, 1.12e-008, 9.03e-011, 3.91e-009, 1.02e-008, 1.87e-009, 6.89e-010, 1.03e-009, 6.59e-010, 1.03e-009, 2.94e-009, 1.63e-009, 7e-010, 5.32e-011, 5.34e-011, 1.79e-010, 2.54e-010, 1.81e-010, 6.4e-011, 2e-010, 3.47e-011, 2.24e-011, 5.6e-012, 3.49e-011, 1.93e-011, 4.52e-013, 5.08e-013, 2.05e-013, 3.56e-012, 3.21e-012, 1.69e-013, 5.44e-013, 4.73e-013, 7.93e-014, 4.46e-014, 4.45e-013, 1.13e-013, 1.53e-013, 1.29e-013, 1.29e-013, 1.58e-013, 1.17e-013, 1.44e-013, 1.28e-013, 1.33e-013, 1.31e-013, 1.31e-013, 1.3e-013, 1.3e-013, 1.3e-013
13:44:05, 3.71, 32.3, 101, 240, 211, 165, 163, 122, 55.3, 23.9, 9.91, 11.7, 27.2, 20, 20.7, 27.3, 31.8, 37, 29.7, 14.2, 2.65, 1.62, 9.63, 17.3, 10.8, 11, 14.1, 7.17, 2.39, 1.27, 3.58, 5.21, 3.93, 2.02, 0.676, 0.0989, 1.57, 4.52, 3.98, 4.81, 3.79, 1.54, 2.66, 3.37, 1.96, 0.882, 0.236, 0.41, 0.417, 0.693, 1.02, 0.789, 1.05, 1.19, 0.98, 0.42, 0.369, 0.106, 0.347, 2.38, 0.971, 1.81, 0.549, 0.781, 2.88, 1.32, 0.133, 0.0847, 0.549, 3.34, 3.78, 2.67, 3.13, 1.66, 3.83, 3.16, 0.45, 0.206, 0.502, 1.99, 1.25, 1.39, 0.525, 0.756, 5.61, 7.28, 2.88, 0.419, 0.0874, 3.48, 6.53, 6.05, 4.47, 3.01, 1.98, 3.24, 3.68, 2.45, 3.51, 27.8, 42.6, 13.3, 6.77, 5.81, 2.17, 1.36, 2.72, 3.66, 2.33, 0.979, 0.117, 0.469, 1.9, 2.89, 1.4, 0.532, 0.501, 0.34, 0.0924, 0.0423, 0.0133, 0.00961, 0.247, 0.975, 0.74, 0.0838, 0.259, 0.161, 0.0236, 0.192, 0.16, 0.0573, 0.0196, 0.0121, 0.00319, 0.0096, 0.0345, 0.0103, 0.00966, 0.00837, 0.00296, 0.00271, 0.00695, 0.00302, 0.000277, 0.00187, 0.00614, 0.00354, 0.00125, 0.00702, 0.00605, 0.00072, 0.00155, 0.000575, 0.000493, 0.00104, 0.000728, 0.000326, 0.00119, 0.00129, 0.00031, 0.000576, 0.000267, 7.68e-006, 6.7e-005, 0.000122, 6.49e-005, 9.25e-005, 4.81e-005, 3.62e-005, 7.36e-006, 1.83e-005, 2.72e-006, 3.74e-005, 6.87e-006, 4.78e-006, 1.51e-006, 7.7e-006, 1.13e-005, 2.4e-006, 7.69e-007, 1.77e-006, 1.26e-005, 9.31e-006, 1.68e-006, 5.88e-006, 5.89e-006, 9.1e-007, 5.46e-007, 1.22e-006, 6.76e-007, 2.69e-007, 6.21e-007, 1.01e-006, 2.16e-007, 2.44e-007, 3.06e-007, 9.24e-009, 3.24e-007, 8.1e-007, 4.49e-007, 1.05e-007, 8.63e-008, 2.29e-008, 5.55e-009, 6.26e-009, 1.24e-008, 1.7e-008, 1.4e-009, 9.2e-009, 9.38e-009, 1.6e-010, 4.63e-010, 9.98e-010, 1.91e-009, 1.5e-011, 2.11e-009, 2.55e-009, 1.04e-009, 1.26e-010, 1.16e-011, 1.46e-010, 3.37e-010, 1.79e-010, 9.16e-011, 2.57e-010, 7e-011, 2.66e-011, 1.59e-011, 4.63e-011, 1.31e-011, 4.26e-013, 3.08e-014, 1.16e-012, 5.65e-012, 2.07e-012, 1.02e-012, 2.46e-013, 7.39e-013, 2.21e-013, 3.61e-014, 4.07e-013, 2.29e-014, 8.46e-014, 6.83e-014, 7.06e-014, 7.12e-014, 4.85e-014, 6.83e-014, 5.56e-014, 5.76e-014, 5.62e-014, 5.48e-014, 5.42e-014, 5.36e-014, 5.32e-014
13:44:05, 13.1, 64.9, 207, 294, 198, 160, 158, 115, 36.5, 18.1, 10.5, 16.7, 23.9, 12.6, 16.7, 24.9, 20.8, 30.5, 21.9, 8.7, 3.68, 1.81, 6.56, 14.7, 10.2, 8.65, 11, 5.9, 2.1, 0.207, 2.35, 4.85, 5.39, 3.5, 0.509, 0.0357, 0.802, 2.07, 0.691, 1.67, 1.4, 0.202, 3.8, 5.93, 1.42, 0.81, 0.0643, 0.342, 0.12, 0.291, 0.379, 0.34, 0.587, 0.918, 0.115, 0.211, 0.237, 0.627, 1.16, 1.73, 0.114, 1.41, 1.15, 1.41, 3.04, 1.23, 0.261, 0.145, 0.203, 3.78, 4.31, 0.406, 3.83, 3.97, 3.02, 3.15, 1.46, 0.389, 0.573, 2.49, 1.29, 1.33, 0.903, 0.319, 5.93, 7.18, 3.09, 0.886, 0.115, 3.9, 9.87, 6.29, 3.34, 4.03, 0.423, 3, 4.39, 2.41, 2.66, 25.6, 35.3, 8.83, 6.52, 3.4, 0.998, 1.68, 3.3, 2.16, 1.79, 0.96, 0.351, 0.197, 1.2, 3.09, 0.957, 0.332, 0.598, 0.297, 0.113, 0.0333, 0.0176, 0.0015, 0.262, 1.1, 0.726, 0.00613, 0.183, 0.109, 0.0149, 0.144, 0.186, 0.106, 0.0349, 0.00617, 0.00646, 0.0161, 0.0491, 0.00594, 0.00657, 0.0152, 0.00989, 0.0105, 0.00921, 0.00167, 0.000148, 0.00307, 0.00656, 0.00395, 0.000523, 0.0104, 0.00557, 0.000178, 0.00097, 0.000473, 0.000596, 0.00121, 0.000748, 0.000668, 0.000985, 0.000685, 3.11e-005, 0.000349, 0.000276, 4.47e-005, 8.95e-005, 8.7e-005, 7.37e-006, 8.44e-005, 5.61e-005, 4.6e-005, 4.13e-005, 4.19e-005, 3.25e-005, 4.09e-005, 1.61e-005, 9.78e-006, 9.57e-006, 1.56e-005, 1.11e-005, 1.28e-006, 1.02e-006, 8.08e-006, 1.98e-005, 9.13e-006, 3.78e-006, 8.02e-006, 7.14e-006, 1.42e-006, 2.39e-007, 2.05e-006, 1.17e-006, 1.91e-008, 1.93e-007, 7.04e-007, 4.15e-007, 4.61e-007, 5.34e-007, 5e-008, 2.09e-007, 4.88e-007, 2.88e-007, 6.77e-008, 7.18e-008, 2.8e-008, 8.12e-009, 7.46e-009, 1.42e-008, 2.72e-008, 1.01e-008, 1.36e-008, 6.04e-009, 1.32e-009, 1.75e-009, 2.9e-009, 2.52e-009, 3.95e-010, 1.24e-009, 1.77e-009, 1.39e-009, 1.36e-010, 5.56e-012, 6.17e-011, 2.99e-010, 1.6e-010, 5.58e-011, 2.8e-010, 1.43e-010, 5.04e-011, 4.72e-011, 3.82e-011, 7.14e-012, 9.26e-013, 8.15e-013, 2.81e-012, 5.22e-012, 1.36e-012, 4.54e-013, 7.41e-013, 6.49e-013, 3.65e-013, 2.03e-013, 7.77e-014, 2.02e-014, 7.64e-015, 2.02e-015, 1.59e-015, 9.62e-016, 3.26e-015, 5.28e-016, 1.46e-015, 9.88e-016, 1.12e-015, 1.04e-015, 1.02e-015, 9.98e-016, 9.87e-016
13:44:05, 6.57, 82, 246, 214, 86.1, 80.9, 76.8, 70, 9.46, 9.01, 4.08, 13.9, 14.4, 2.66, 5.75, 14.7, 3.68, 16.2, 8.2, 2.3, 3.7, 0.416, 3.62, 7.23, 5.02, 3.07, 5.71, 2.29, 0.972, 0.0352, 1.53, 2.08, 4.2, 3.96, 0.528, 0.0455, 0.402, 0.529, 0.428, 0.586, 0.172, 0.103, 3.58, 8.31, 0.784, 1.06, 0.562, 0.271, 0.0218, 0.598, 0.808, 0.536, 0.024, 0.542, 0.0265, 0.265, 0.587, 1.14, 1.56, 0.979, 0.218, 1.34, 2.32, 2.06, 2.21, 0.592, 0.327, 0.236, 0.502, 3.05, 3.42, 0.335, 3.71, 4.13, 1.05, 2.17, 2.05, 0.778, 1.25, 2.36, 0.542, 1.07, 1.21, 0.69, 4.73, 4.4, 1.61, 1.28, 0.649, 3.11, 9.41, 4.21, 1.13, 3.47, 0.338, 2.42, 3.11, 1.16, 0.307, 20.2, 24.7, 1.14, 3.42, 1.1, 0.301, 1.18, 2.79, 0.428, 0.72, 0.605, 0.31, 0.0314, 0.637, 2.28, 0.56, 0.133, 0.423, 0.138, 0.0759, 0.0134, 0.0156, 0.00608, 0.265, 0.807, 0.559, 0.115, 0.0915, 0.0662, 0.0539, 0.0669, 0.119, 0.109, 0.0396, 0.000382, 0.0154, 0.049, 0.0572, 0.00493, 0.00752, 0.0178, 0.011, 0.019, 0.0106, 0.000149, 0.00167, 0.00288, 0.00379, 0.0053, 0.00206, 0.0121, 0.00706, 0.000785, 0.000171, 0.000275, 0.000377, 0.00108, 0.000314, 0.000645, 0.000457, 0.000212, 0.000174, 0.000241, 0.000151, 8.56e-005, 6e-005, 4.74e-005, 8.68e-006, 7.25e-005, 2.03e-005, 4.6e-005, 6.25e-005, 6.91e-005, 7.31e-005, 3.14e-005, 1.4e-005, 1.59e-005, 1.71e-005, 1.59e-005, 8.85e-006, 4.99e-007, 2.98e-006, 1.72e-005, 2.34e-005, 5.15e-006, 3.38e-006, 7.7e-006, 4.86e-006, 2.26e-006, 7.59e-007, 2.96e-006, 1e-006, 7.75e-008, 5e-008, 4.18e-007, 2.94e-007, 5.51e-007, 8.96e-007, 3.05e-007, 1.85e-008, 2.85e-007, 8.67e-008, 1.67e-008, 4.75e-008, 3.86e-008, 4.78e-009, 1.95e-008, 2.58e-008, 2.19e-008, 2.24e-008, 1.33e-008, 1.43e-009, 4.43e-009, 5.11e-009, 5.73e-009, 2.16e-009, 9.35e-010, 6.01e-010, 6.35e-010, 1.42e-009, 1.1e-010, 9.56e-012, 9.51e-012, 1.93e-010, 1.91e-010, 9.7e-011, 2.35e-010, 1.23e-010, 6.77e-011, 4.7e-011, 2.83e-011, 3.61e-012, 1.69e-013, 2.48e-012, 3.13e-012, 4.7e-012, 3.26e-013, 2.08e-014, 6.74e-013, 8.7e-013, 3.68e-013, 2.45e-013, 1.34e-014, 2.66e-014, 6.1e-014, 3.26e-014, 3.67e-014, 4.11e-014, 3.61e-014, 3.54e-014, 3.79e-014, 3.55e-014, 3.65e-014, 3.62e-014, 3.6e-014, 3.59e-014, 3.59e-014
13:44:05, 1.18, 79.9, 169, 89.3, 10.8, 16.7, 10.8, 30.7, 2.89, 2.32, 0.263, 7.55, 6.5, 0.00504, 0.462, 5.76, 0.974, 7.67, 0.588, 0.559, 3.22, 0.827, 1.54, 2.24, 1.74, 0.732, 2.16, 0.114, 0.718, 0.135, 1.67, 0.171, 2.05, 2.92, 0.719, 0.159, 0.577, 0.73, 1.63, 0.197, 0.0369, 0.22, 4, 7.74, 2.82, 2.01, 1.16, 0.23, 0.0563, 1.22, 2.33, 0.958, 0.21, 0.375, 0.111, 0.23, 1.28, 1.17, 0.917, 0.868, 0.119, 1.86, 2.79, 1.34, 1.36, 0.116, 0.325, 0.124, 1.24, 1.56, 2.03, 2.76, 2.55, 2.12, 0.417, 1.8, 1, 1.19, 1.82, 1.06, 0.73, 1.37, 1.43, 0.934, 2.87, 1.8, 0.139, 1.35, 0.845, 1.46, 6.12, 2.99, 0.609, 1.95, 1.43, 1.72, 1.49, 0.00346, 0.463, 18.7, 18.6, 0.33, 0.575, 0.147, 0.355, 1.43, 1.72, 0.0037, 0.169, 0.139, 0.145, 0.021, 0.589, 1.14, 0.527, 0.172, 0.143, 0.0366, 0.048, 0.00225, 0.00358, 0.0359, 0.225, 0.357, 0.327, 0.16, 0.041, 0.0258, 0.0455, 0.0175, 0.0436, 0.058, 0.0291, 0.00772, 0.0285, 0.0824, 0.0671, 0.00304, 0.0174, 0.018, 0.00415, 0.0242, 0.00925, 0.000651, 0.00453, 0.00269, 0.00216, 0.00601, 0.00429, 0.0104, 0.00888, 0.00119, 1.34e-005, 0.000214, 0.000422, 0.000861, 1.15e-005, 0.000271, 0.000132, 3.12e-005, 0.000221, 0.000237, 2.1e-005, 5.71e-005, 2.85e-005, 1.31e-005, 3.7e-005, 6.7e-005, 8.01e-006, 3.93e-005, 4.28e-005, 6.33e-005, 9.89e-005, 1.36e-005, 8.57e-006, 1.07e-005, 1.74e-005, 9.05e-006, 4.75e-006, 2.99e-006, 7.11e-006, 2.28e-005, 1.84e-005, 2.51e-006, 1.49e-006, 5.62e-006, 1.07e-006, 3.01e-006, 2.57e-006, 2.86e-006, 7.06e-007, 8.79e-008, 3.1e-009, 3.25e-007, 1.49e-007, 4.8e-007, 1.36e-006, 4.16e-007, 1.85e-008, 2.03e-007, 4.87e-008, 2.35e-008, 5.73e-008, 5.58e-008, 5.06e-009, 4.1e-008, 2.43e-008, 9.05e-009, 2.27e-008, 1.1e-008, 4.62e-011, 5.6e-009, 9.89e-009, 5.46e-009, 1.45e-009, 3.94e-010, 5.92e-010, 6.42e-010, 1.2e-009, 6.31e-011, 1.64e-011, 2.65e-012, 1.05e-010, 2.38e-010, 1.88e-010, 1.53e-010, 4.36e-011, 4.72e-011, 2.07e-011, 1.96e-011, 1.05e-012, 2.24e-012, 1.12e-012, 3.77e-012, 2.03e-012, 2.43e-013, 3.96e-013, 1.32e-013, 1.26e-012, 2.3e-013, 1.17e-013, 3.06e-013, 2.58e-013, 1.96e-013, 1.54e-013, 1.76e-013, 1.76e-013, 1.85e-013, 1.73e-013, 1.79e-013, 1.72e-013, 1.72e-013, 1.71e-013, 1.71e-013, 1.7e-013, 1.7e-013
13:44:05, 1.97, 43.9, 60.5, 28, 0.979, 1.5, 0.672, 12.7, 5.36, 0.545, 1.23, 4.55, 3.5, 0.456, 0.156, 2.88, 5.57, 6.08, 0.874, 2.08, 3.88, 4.75, 0.994, 1.32, 1.12, 0.978, 0.793, 0.314, 1.07, 0.768, 2.22, 0.339, 0.659, 1.66, 0.382, 0.465, 1.4, 2.51, 3.16, 0.34, 0.208, 0.573, 3.52, 4.73, 4.86, 3.61, 1.05, 0.149, 0.245, 1.69, 4.28, 1.84, 0.132, 0.441, 0.19, 0.301, 1.87, 0.835, 0.366, 1.2, 0.483, 1.96, 1.65, 0.544, 0.725, 1.01, 0.842, 0.267, 2.39, 0.413, 0.941, 4.58, 1.56, 0.96, 1.71, 1.72, 0.314, 1.08, 1.74, 0.0477, 1.53, 2.8, 1.67, 0.461, 1.42, 0.548, 0.349, 0.988, 0.343, 0.31, 2.79, 3.27, 0.994, 0.619, 1.66, 0.641, 0.607, 0.357, 1.8, 20.7, 19.9, 1.11, 0.103, 0.176, 0.343, 2.12, 1.31, 0.0793, 0.0622, 0.0832, 0.199, 0.0606, 0.683, 0.36, 0.42, 0.252, 0.0111, 0.0717, 0.0645, 0.0258, 0.00412, 0.083, 0.123, 0.087, 0.123, 0.08, 0.0325, 0.0169, 0.00873, 0.00212, 0.0146, 0.0134, 0.0123, 0.0127, 0.0438, 0.0754, 0.0585, 0.0213, 0.0336, 0.0217, 0.00672, 0.023, 0.00416, 0.00338, 0.00858, 0.00479, 0.00348, 0.0051, 0.00257, 0.00695, 0.00803, 0.00116, 6.86e-005, 0.000293, 0.000936, 0.000795, 6.73e-005, 3.54e-005, 0.000109, 1.41e-005, 0.000143, 0.000326, 3.51e-005, 2.96e-005, 1.77e-005, 3.72e-007, 4.39e-005, 5.35e-005, 2.53e-005, 3.47e-005, 1.68e-005, 3.43e-005, 0.0001, 1.28e-005, 5.09e-006, 1.84e-006, 1.14e-005, 3.56e-006, 1.35e-006, 6.82e-006, 1.33e-005, 1.58e-005, 1.07e-005, 1.87e-006, 1.17e-006, 3.23e-006, 1.98e-007, 3.25e-006, 3.13e-006, 1.87e-006, 5.52e-007, 4.75e-008, 1.16e-007, 2.98e-007, 1.9e-007, 5.88e-007, 1.55e-006, 4.01e-007, 2.72e-008, 2.76e-007, 1.87e-007, 6.09e-008, 6.92e-008, 9.02e-008, 4.48e-008, 5.02e-008, 1.2e-008, 2.16e-010, 1.63e-008, 7.28e-009, 1.11e-009, 4.97e-009, 1.14e-008, 3.36e-009, 5.98e-010, 4.59e-011, 1.05e-009, 1.89e-009, 1.15e-009, 3.38e-012, 1.33e-012, 7.28e-012, 7.67e-011, 1.79e-010, 1.78e-010, 9.02e-011, 7.36e-012, 1.82e-011, 4.4e-012, 1.21e-011, 2.96e-013, 4.18e-012, 2.45e-012, 2.79e-012, 1.09e-012, 4.3e-013, 3.58e-013, 1.78e-014, 6.41e-014, 9.14e-013, 1.75e-013, 3.54e-014, 1.7e-013, 1.73e-013, 1.02e-013, 1.23e-013, 1.35e-013, 1.28e-013, 1.31e-013, 1.15e-013, 1.27e-013, 1.21e-013, 1.21e-013, 1.21e-013, 1.2e-013, 1.2e-013
13:44:05, 34.5, 34.8, 8.82, 15.6, 0.0948, 2.39, 3.25, 8.78, 4.37, 0.564, 1.35, 3.01, 3.58, 0.296, 1.41, 2.47, 4.26, 8.67, 2.58, 2.41, 5.49, 5.9, 3.12, 1.91, 0.272, 0.911, 0.328, 0.625, 1.77, 2.41, 2.35, 1.02, 0.0393, 1.13, 0.084, 0.885, 1.88, 3.85, 4.74, 1.66, 0.724, 0.882, 1.98, 1.55, 4.01, 4.77, 0.689, 0.0606, 0.318, 1.46, 5.35, 3.16, 0.0935, 0.74, 0.473, 0.638, 1.87, 0.73, 0.459, 1.53, 1.43, 1.17, 0.362, 0.548, 0.908, 2.64, 2.27, 2.23, 3.6, 0.406, 0.264, 4.53, 2.74, 1.49, 1.93, 1.73, 0.533, 0.822, 1.31, 0.258, 1.86, 3.95, 1.92, 0.79, 1.12, 0.291, 1.57, 0.552, 0.0467, 0.27, 0.845, 2.63, 1.1, 0.32, 0.693, 0.164, 0.25, 0.545, 1.81, 21.7, 22.5, 1.27, 0.15, 0.143, 0.479, 1.82, 1.34, 0.0391, 0.183, 0.39, 0.268, 0.141, 0.59, 0.15, 0.295, 0.231, 0.0158, 0.119, 0.169, 0.102, 0.039, 0.0911, 0.0569, 0.0312, 0.072, 0.0427, 0.0773, 0.0185, 0.00171, 0.0101, 0.00344, 0.00386, 0.00561, 0.00149, 0.0606, 0.0393, 0.0323, 0.054, 0.0389, 0.025, 0.0174, 0.0178, 0.00141, 0.00621, 0.0119, 0.00697, 0.00442, 0.00234, 0.000395, 0.00344, 0.00551, 0.000805, 7.79e-005, 0.000314, 0.00116, 0.000864, 0.000186, 6.48e-005, 0.000258, 0.000101, 0.000323, 0.000476, 0.000147, 5.66e-005, 3.02e-005, 2.07e-005, 2.8e-005, 2.98e-005, 2.92e-005, 2.36e-005, 1.16e-005, 2.49e-005, 8.37e-005, 2.7e-005, 1.16e-006, 5.48e-007, 8.96e-006, 3.22e-006, 5.87e-008, 8.67e-006, 1.75e-005, 3.32e-006, 6.25e-006, 6.57e-007, 1.17e-006, 1.49e-006, 2.31e-006, 3.18e-006, 1.35e-006, 8.9e-007, 4.48e-007, 2.09e-007, 4.2e-007, 1.76e-007, 1.84e-007, 8.44e-007, 1.12e-006, 4.82e-007, 2.59e-008, 5.24e-007, 4.35e-007, 8.84e-008, 3.06e-008, 1.28e-007, 1.17e-007, 3.54e-008, 3.3e-009, 3.47e-009, 1.16e-008, 2.68e-009, 2.03e-009, 2.54e-009, 9.7e-009, 2.34e-009, 2.69e-010, 4.95e-010, 1.7e-009, 3.14e-009, 1.39e-009, 5.2e-011, 2.83e-011, 2.28e-011, 2.95e-011, 1.25e-010, 3.3e-011, 9.74e-011, 3.77e-011, 2.19e-011, 6.33e-012, 1.4e-011, 1.31e-011, 1.9e-011, 8.3e-012, 2.06e-012, 1.56e-012, 2.59e-013, 9.06e-014, 6.07e-014, 3.31e-013, 6.62e-013, 1.26e-013, 3.88e-013, 4.36e-014, 1.78e-013, 1.04e-013, 1.04e-013, 1.3e-013, 1e-013, 8.78e-014, 1e-013, 8.64e-014, 8.74e-014, 8.43e-014, 8.26e-014, 8.12e-014, 8.05e-014
13:44:06, 0.43, 8.07, 1.58, 9.73, 1.02, 2.64, 3.18, 4.59, 7.07, 2.22, 1.52, 2.93, 6.8, 2.52, 5.22, 2.12, 2.98, 11.3, 2.32, 2.2, 4.65, 3.76, 5.51, 1.63, 0.091, 0.691, 0.368, 0.844, 2.39, 2.47, 2.12, 0.881, 0.115, 1.07, 0.725, 1.17, 1.15, 3.43, 4.43, 3.31, 1.7, 0.425, 0.813, 0.419, 2.65, 4.26, 0.458, 0.0816, 0.298, 0.788, 5.1, 3.46, 0.861, 1.14, 0.695, 0.799, 1.38, 0.629, 0.547, 1.63, 1.46, 0.397, 0.0176, 0.586, 1.81, 3, 3.56, 4.17, 4.58, 1.57, 0.283, 4.49, 4.08, 2.41, 0.736, 1.33, 1.05, 0.413, 0.92, 0.919, 1.36, 3.26, 2.38, 1.29, 1.61, 1.3, 1.99, 0.663, 0.124, 0.636, 0.046, 1.57, 1.32, 0.609, 0.305, 0.0618, 0.235, 0.861, 0.652, 20.2, 23.6, 1.69, 0.0123, 0.215, 0.223, 1.42, 0.802, 0.269, 0.438, 0.81, 0.392, 0.0454, 0.525, 0.312, 0.309, 0.207, 0.0302, 0.144, 0.236, 0.175, 0.137, 0.0399, 0.0477, 0.094, 0.0948, 0.0786, 0.0941, 0.0365, 0.0154, 0.0191, 0.000691, 0.0115, 0.0153, 0.00779, 0.0618, 0.0249, 0.0197, 0.0665, 0.0221, 0.0225, 0.0162, 0.0116, 0.00465, 0.00746, 0.0117, 0.00446, 0.00343, 0.000418, 0.000229, 0.00226, 0.00322, 0.000211, 4e-005, 0.000365, 0.000867, 0.000652, 0.000236, 0.000254, 0.00049, 0.000276, 0.000496, 0.000652, 0.00017, 7.29e-005, 5.68e-005, 3.45e-005, 2.09e-005, 9.36e-006, 2.04e-005, 1.15e-005, 2.13e-005, 1.49e-005, 6.73e-005, 3.51e-005, 3.65e-007, 4.18e-006, 1.52e-005, 6.96e-006, 4.63e-007, 1.02e-005, 1.54e-005, 2.68e-007, 4.29e-006, 2.04e-007, 6.67e-007, 6.49e-007, 4.09e-006, 2.71e-006, 7.48e-008, 3.34e-007, 1.98e-007, 6.56e-007, 5.19e-007, 1.03e-007, 1.04e-007, 7.61e-007, 5.11e-007, 3.72e-007, 2.61e-007, 8.3e-007, 6.43e-007, 6.76e-008, 9.25e-009, 1.18e-007, 1.58e-007, 2.63e-008, 1.25e-009, 4.72e-009, 1.08e-008, 1.8e-009, 2.14e-009, 3.04e-010, 8.92e-009, 2.95e-009, 2.57e-011, 1.15e-009, 1.99e-009, 2.63e-009, 1.97e-009, 3.44e-010, 1.25e-010, 3.49e-011, 3.43e-011, 5.34e-011, 1.2e-013, 9.8e-011, 6.01e-011, 5.85e-011, 3.44e-011, 3.85e-011, 5.71e-011, 3.59e-011, 1.07e-011, 6.06e-012, 5.9e-013, 7.07e-013, 3.2e-013, 1.2e-012, 1.41e-012, 3.94e-013, 7.37e-013, 7.13e-013, 6.04e-013, 6.03e-013, 4.34e-013, 6.45e-013, 5.32e-013, 5.14e-013, 5.47e-013, 5.19e-013, 5.15e-013, 5.18e-013, 5.14e-013, 5.12e-013, 5.11e-013, 5.1e-013
13:44:06, 3.66, 9.26, 6.88, 7.87, 1.84, 1.67, 3.51, 3.52, 12.7, 4.65, 2.02, 5.38, 11.8, 7.14, 6.85, 3.61, 4.99, 10.3, 2.77, 2.74, 3.47, 1.39, 6.49, 0.765, 0.334, 1.03, 0.744, 1.21, 2.07, 1.08, 1.29, 0.447, 0.502, 0.733, 1.86, 1.47, 0.107, 2.14, 1.97, 3.7, 2.38, 0.0455, 0.214, 1.15, 3.13, 2.54, 0.321, 0.148, 0.425, 1.14, 3.81, 1.93, 1.9, 1.27, 0.424, 0.609, 0.576, 0.577, 0.324, 1.69, 0.409, 0.316, 0.103, 1.04, 2.03, 1.66, 3.46, 3.3, 4.12, 2.98, 1.84, 4.28, 2.6, 2.61, 0.249, 1.11, 0.82, 0.0609, 0.549, 0.933, 0.462, 1.85, 2.08, 0.705, 1.97, 2.63, 1.42, 0.652, 0.51, 0.722, 0.19, 0.987, 1.2, 1.02, 0.381, 0.118, 0.661, 0.707, 0.689, 16, 23.5, 2.06, 0.11, 0.174, 0.201, 1.1, 0.142, 0.543, 0.652, 0.915, 0.497, 0.0559, 0.5, 0.316, 0.314, 0.228, 0.00562, 0.183, 0.152, 0.166, 0.206, 0.0419, 0.0687, 0.142, 0.0774, 0.0907, 0.0703, 0.0389, 0.0332, 0.0261, 0.0123, 0.0298, 0.0328, 0.0284, 0.0521, 0.0285, 0.0254, 0.0537, 0.0046, 0.0174, 0.00507, 0.00712, 0.00682, 0.00692, 0.00798, 0.000667, 0.00213, 0.000195, 0.000352, 0.00196, 0.00216, 4.62e-005, 0.000217, 0.000378, 0.00029, 0.000438, 7.51e-005, 0.000593, 0.000704, 0.000213, 0.00052, 0.000705, 8.14e-005, 7.42e-005, 7.11e-005, 1.34e-005, 2.98e-005, 2.24e-005, 2.66e-005, 1.84e-005, 2.83e-005, 4.06e-006, 5.29e-005, 2.65e-005, 5.49e-006, 1.2e-005, 2.36e-005, 1.08e-005, 2.49e-006, 8.16e-006, 1.27e-005, 5.19e-006, 2.98e-006, 1.17e-006, 9.57e-007, 1.44e-006, 3.48e-006, 1.84e-006, 2.19e-007, 2.68e-007, 2.16e-007, 8.34e-007, 4.46e-007, 5.09e-008, 8.34e-008, 5.11e-007, 9.94e-008, 2.01e-007, 4.25e-007, 9.61e-007, 6.66e-007, 4.7e-008, 6.72e-009, 7.89e-008, 1.32e-007, 3.5e-008, 3.43e-009, 4.29e-010, 1.3e-008, 5.58e-009, 1.81e-009, 1.37e-009, 8.27e-009, 5.65e-009, 3.47e-010, 2.4e-009, 1.28e-009, 1.42e-009, 2.27e-009, 4.72e-010, 2.7e-010, 1.38e-010, 5.55e-011, 1.55e-011, 3.55e-011, 6.61e-011, 3.82e-011, 8.51e-011, 1.01e-010, 9.33e-011, 6.64e-011, 3.49e-011, 1.83e-011, 1.55e-012, 1.2e-013, 2.64e-013, 1.64e-013, 9.16e-013, 3.93e-013, 4e-013, 1.24e-013, 4.01e-014, 1.72e-013, 4.12e-014, 1.79e-014, 1.06e-013, 2.84e-014, 6.11e-014, 4.29e-014, 4.82e-014, 4.98e-014, 4.68e-014, 4.72e-014, 4.69e-014, 4.68e-014, 4.67e-014
13:44:06, 0.464, 4.48, 8.75, 5.33, 1.85, 1.34, 6.07, 10.2, 19.3, 3.81, 2, 8.82, 13, 8.61, 4.51, 5.05, 6.35, 5.63, 4.92, 5.08, 3.42, 2.08, 5.7, 1.04, 0.746, 1.45, 0.681, 1.21, 1.51, 0.0995, 1.22, 0.273, 0.825, 0.269, 2.72, 1.48, 0.18, 0.819, 0.338, 2.67, 2.97, 0.0931, 0.349, 2.37, 3.19, 1.12, 0.176, 0.0699, 0.811, 2.77, 2.29, 0.422, 1.6, 1.09, 0.0557, 0.33, 0.0273, 0.708, 0.991, 1.96, 0.134, 1.08, 0.771, 2.57, 1.22, 0.565, 1.73, 1.29, 1.84, 3.81, 3.31, 2.85, 0.54, 1.92, 1.23, 1.08, 0.288, 0.027, 0.389, 0.275, 0.059, 1.08, 1.06, 0.0763, 1.61, 2.79, 0.585, 0.389, 0.673, 0.661, 0.523, 0.602, 0.492, 0.91, 0.589, 0.183, 0.68, 1.14, 0.761, 11.6, 22.6, 2.18, 0.04, 0.254, 0.546, 0.943, 0.0569, 0.566, 0.501, 0.604, 0.52, 0.195, 0.437, 0.149, 0.234, 0.299, 0.0647, 0.143, 0.052, 0.072, 0.191, 0.0991, 0.121, 0.134, 0.0215, 0.0569, 0.0337, 0.0152, 0.0409, 0.0236, 0.0183, 0.0523, 0.0535, 0.0183, 0.0437, 0.0214, 0.0232, 0.0349, 0.00867, 0.0135, 0.00443, 0.00516, 0.00348, 0.00392, 0.00385, 0.000582, 0.00159, 0.000775, 0.000101, 0.00154, 0.00164, 0.000255, 0.000491, 0.000591, 8.41e-005, 0.000383, 5.91e-005, 0.000615, 0.000868, 4.1e-005, 0.000511, 0.000493, 7.6e-005, 7.74e-005, 7.49e-005, 3.57e-006, 4.38e-005, 5.3e-005, 3.94e-005, 2.83e-005, 3.27e-005, 2.33e-005, 3.43e-005, 1.14e-005, 1.04e-005, 1.42e-005, 2.87e-005, 1.11e-005, 2.64e-006, 4.49e-006, 7.47e-006, 1.05e-005, 2.05e-006, 9.26e-007, 2.22e-006, 3.07e-006, 1.51e-006, 1.03e-006, 6.16e-007, 3.29e-007, 5.17e-007, 5.54e-007, 2.66e-007, 3.81e-008, 8.98e-008, 3.04e-007, 7.49e-008, 1.19e-007, 1.81e-007, 8.89e-007, 5.41e-007, 2.7e-008, 7.1e-009, 4.64e-008, 7.46e-008, 3.3e-008, 1.04e-008, 4.83e-009, 1.41e-008, 6.57e-009, 2.98e-009, 1.29e-009, 7.33e-009, 1.07e-008, 2.72e-009, 2.98e-009, 9.48e-010, 1.12e-009, 2.21e-009, 1.48e-010, 4.66e-010, 3.1e-010, 3.74e-011, 7.22e-012, 4.63e-011, 7.73e-011, 1.61e-012, 8.3e-011, 1.53e-010, 1.12e-010, 3.38e-011, 3.04e-011, 1.06e-011, 9.95e-013, 5.15e-013, 4.34e-013, 2.73e-013, 1.33e-012, 5.79e-013, 3.23e-013, 1.43e-013, 2.71e-013, 1.18e-013, 1.9e-013, 8.5e-014, 2.12e-013, 1.24e-013, 1.31e-013, 1.49e-013, 1.37e-013, 1.37e-013, 1.35e-013, 1.36e-013, 1.35e-013, 1.35e-013, 1.34e-013
13:44:06, 1.36, 3.54, 6.48, 1.29, 2.59, 3.07, 7.2, 16.8, 22.6, 3.92, 2.76, 7, 9.85, 4.77, 1.64, 3.37, 4.51, 1.27, 5.51, 7.23, 2.95, 3.22, 4.15, 1.79, 1.28, 1.5, 0.211, 0.674, 0.997, 0.685, 2.11, 1.94, 1.46, 0.595, 2.05, 2, 0.319, 0.3, 0.375, 2.19, 3.37, 0.508, 0.81, 2.87, 2.03, 0.338, 0.0721, 0.109, 1.08, 3.84, 1.89, 0.25, 0.482, 0.631, 0.111, 0.226, 0.118, 0.775, 2.58, 2.68, 0.961, 1.77, 2.79, 3.95, 0.738, 0.301, 0.544, 0.162, 0.157, 3.53, 2.58, 1.1, 0.449, 1.59, 1.99, 0.79, 0.172, 0.0787, 0.442, 0.0134, 0.228, 1.08, 0.501, 0.0124, 1, 1.85, 0.287, 0.195, 0.311, 0.516, 0.407, 0.224, 0.0675, 0.524, 0.665, 0.0749, 0.416, 1.56, 0.524, 10.7, 22.4, 1.65, 0.19, 0.202, 0.579, 0.96, 0.461, 0.345, 0.172, 0.194, 0.504, 0.122, 0.348, 0.177, 0.233, 0.301, 0.146, 0.0731, 0.00765, 0.0174, 0.115, 0.114, 0.136, 0.111, 0.00501, 0.028, 0.0118, 0.000758, 0.0417, 0.00995, 0.0123, 0.0555, 0.0681, 0.000253, 0.0408, 0.00816, 0.0131, 0.0187, 0.012, 0.0159, 0.0101, 0.00433, 0.000426, 0.000983, 0.00144, 0.00127, 0.0016, 0.00155, 0.000208, 0.00185, 0.0013, 0.000159, 0.000965, 0.000895, 0.000471, 0.000508, 0.000151, 0.000358, 0.000757, 0.000245, 0.000551, 0.000167, 0.000154, 0.000158, 5.21e-005, 1.51e-005, 5.62e-005, 4.91e-005, 4.72e-005, 1.32e-005, 3.63e-005, 6.56e-005, 2.27e-005, 4.47e-006, 5.6e-006, 1.27e-005, 2.18e-005, 9.97e-006, 2.39e-007, 3.02e-006, 3.07e-006, 1.27e-005, 1.42e-006, 5.67e-007, 2.96e-006, 3.24e-006, 4.41e-007, 4.58e-007, 4.94e-007, 3.11e-007, 5.94e-007, 1.83e-007, 1.5e-007, 4.37e-009, 3.15e-008, 2.31e-007, 1.12e-007, 8.39e-008, 8.98e-009, 7.81e-007, 4.85e-007, 9.26e-009, 2.5e-009, 2.62e-008, 3.57e-008, 9.38e-009, 2e-008, 1.51e-008, 1.49e-008, 1.64e-009, 5.19e-009, 3.64e-010, 7.6e-009, 1.43e-008, 6.34e-009, 1.35e-009, 1.46e-009, 2.56e-009, 1.74e-009, 3.33e-012, 4.63e-010, 5.33e-010, 3.52e-011, 1.09e-012, 4.64e-011, 8.76e-011, 1.74e-011, 4.43e-011, 1.32e-010, 8.29e-011, 6.31e-012, 8.19e-012, 1.1e-011, 5.57e-014, 2.28e-013, 4.51e-013, 6.64e-013, 6.14e-013, 1e-012, 7.75e-015, 1.93e-013, 1.07e-013, 4.26e-014, 1.99e-013, 6.99e-014, 1.12e-013, 1.11e-013, 9.67e-014, 8.81e-014, 9.47e-014, 9.11e-014, 9.15e-014, 8.99e-014, 8.9e-014, 8.85e-014, 8.82e-014
13:44:06, 0.0188, 1.36, 3.4, 0.887, 4.97, 4.17, 4.56, 14.8, 18.8, 7.54, 4.39, 2.1, 5.44, 1.52, 0.232, 1.06, 1.55, 0.171, 4.22, 6.99, 1.06, 2.55, 2.23, 1.45, 1.59, 1.19, 0.00389, 0.199, 0.836, 0.712, 3.56, 5.58, 3.07, 0.968, 0.782, 2.47, 0.416, 0.3, 0.63, 2.5, 2.63, 1.03, 0.929, 2.15, 1.11, 0.0416, 0.0304, 0.159, 0.951, 3.03, 3, 0.552, 0.104, 0.331, 0.108, 0.384, 0.324, 0.569, 3.44, 3.58, 1.04, 1.8, 4.72, 3.97, 0.784, 0.216, 0.378, 0.174, 0.222, 2.31, 1.5, 0.346, 1.4, 1.56, 1.45, 0.32, 0.242, 0.237, 0.615, 0.19, 0.452, 1.09, 0.566, 0.0113, 0.95, 0.709, 0.338, 0.193, 0.0549, 0.301, 0.147, 0.0332, 0.0703, 0.448, 0.436, 0.00943, 0.317, 0.735, 1.62, 15, 23.7, 1.43, 0.339, 0.0617, 0.309, 0.818, 0.685, 0.113, 0.0375, 0.0512, 0.377, 0.021, 0.275, 0.338, 0.309, 0.169, 0.131, 0.0362, 0.00294, 0.0181, 0.053, 0.0478, 0.0855, 0.0776, 0.0534, 0.0378, 0.0217, 0.0363, 0.0431, 0.00083, 0.00216, 0.04, 0.064, 0.0193, 0.035, 0.0103, 0.00892, 0.00669, 0.00451, 0.0162, 0.011, 0.00261, 0.00043, 0.000289, 0.000277, 0.000578, 0.00174, 0.00111, 0.000927, 0.00297, 0.00152, 0.000219, 0.000996, 0.00109, 0.000798, 0.00068, 0.000111, 0.000224, 0.000448, 0.000405, 0.000661, 0.000128, 0.000257, 0.000274, 1.78e-005, 3.7e-005, 5.81e-005, 1.34e-005, 4.27e-005, 2.66e-006, 3.7e-005, 7.98e-005, 3.07e-005, 1.12e-005, 2.94e-006, 1.07e-005, 8.19e-006, 7.52e-006, 1.39e-006, 3.39e-006, 6.05e-006, 1.35e-005, 1.25e-006, 4.06e-007, 2.57e-006, 1.93e-006, 4.59e-007, 3.49e-007, 2.35e-007, 1.57e-007, 4.49e-007, 3.18e-008, 9.84e-008, 2.27e-008, 6.05e-009, 1.64e-007, 1.49e-007, 5.11e-008, 1.9e-007, 1.09e-006, 6.63e-007, 3.87e-008, 1.58e-008, 8.33e-009, 2.1e-008, 1.92e-009, 1.66e-008, 1.97e-008, 1.4e-008, 3.27e-010, 5.86e-009, 2.77e-009, 8.16e-009, 1.2e-008, 7.14e-009, 3.71e-010, 1.52e-009, 4.07e-009, 1.55e-009, 5.77e-011, 3.15e-010, 8.84e-010, 8.46e-011, 4.53e-012, 4.17e-011, 9.69e-011, 5.77e-011, 8.82e-012, 8.17e-011, 3.42e-011, 3.27e-012, 5.94e-012, 1.64e-012, 3.12e-012, 7e-013, 6.28e-013, 2.14e-012, 2.46e-013, 4.47e-013, 6.83e-013, 3.54e-013, 2.83e-013, 2.62e-013, 3e-013, 2.38e-013, 2.28e-013, 2.64e-013, 2.35e-013, 2.47e-013, 2.34e-013, 2.31e-013, 2.33e-013, 2.3e-013, 2.29e-013, 2.28e-013, 2.28e-013
13:44:06, 2.53, 2.71, 1.09, 6.1, 11.2, 3.84, 3.94, 4.68, 12.9, 7.68, 4.83, 0.915, 3.73, 1.57, 0.0447, 0.519, 0.0998, 0.843, 4.08, 4.27, 0.236, 1.67, 0.403, 0.874, 0.563, 1.68, 0.224, 0.638, 0.926, 0.395, 4.53, 7.5, 4.66, 0.944, 0.46, 1.81, 1.04, 0.718, 0.0835, 3.25, 0.896, 1.38, 0.31, 1.36, 0.811, 0.0352, 0.0409, 0.127, 0.555, 1.38, 4.07, 1.09, 0.332, 0.193, 0.0381, 0.637, 0.435, 0.267, 3.1, 3.55, 0.339, 1.6, 3.85, 3.21, 0.522, 0.0742, 0.46, 0.52, 0.809, 0.987, 1.45, 0.973, 1.63, 0.874, 0.788, 0.0271, 0.218, 0.526, 0.881, 0.269, 0.463, 0.913, 0.395, 0.347, 1.09, 0.0645, 0.342, 0.0824, 0.115, 0.385, 0.139, 0.00543, 0.202, 0.618, 0.185, 0.0434, 0.169, 0.15, 2.24, 22, 25, 2.16, 0.15, 0.0447, 0.202, 0.383, 0.558, 0.0369, 0.00718, 0.127, 0.208, 0.11, 0.302, 0.235, 0.339, 0.0619, 0.111, 0.0282, 0.00153, 0.0128, 0.0185, 0.00242, 0.0313, 0.0305, 0.0846, 0.0733, 0.0566, 0.0722, 0.0566, 0.00885, 0.00317, 0.0223, 0.0393, 0.0596, 0.025, 0.0104, 0.0104, 0.000396, 4.49e-005, 0.0131, 0.00631, 0.00131, 0.000438, 0.000189, 1.13e-005, 4.4e-005, 0.00115, 0.000576, 0.000963, 0.00465, 0.00255, 0.000235, 0.00075, 0.000792, 0.000606, 0.00067, 0.000127, 0.0002, 0.000201, 0.000191, 0.000663, 0.000447, 0.000435, 0.000286, 2.82e-005, 5.53e-005, 5.54e-005, 1.13e-006, 2.78e-005, 1.23e-005, 3.16e-005, 6.35e-005, 2.98e-005, 2.1e-005, 1.71e-005, 1.34e-005, 4.43e-007, 5.67e-006, 2.24e-006, 4.37e-006, 1.23e-005, 1.52e-005, 1.11e-006, 1.1e-006, 1.07e-006, 8.53e-007, 4.1e-007, 4.23e-007, 1.95e-007, 1.5e-007, 1.63e-007, 1.45e-007, 1.95e-007, 5.52e-008, 1.63e-008, 1.05e-007, 2.22e-007, 1.35e-007, 5.35e-007, 1.55e-006, 1.05e-006, 1.5e-007, 1.88e-008, 9.26e-009, 1.47e-008, 1.34e-008, 6.03e-009, 1.47e-008, 1.16e-008, 2.83e-009, 6.21e-009, 5.27e-009, 6.4e-009, 5.82e-009, 4.44e-009, 1.06e-009, 1.95e-009, 3.05e-009, 1.91e-009, 9.18e-011, 5.97e-010, 1.02e-009, 2.26e-010, 5.49e-011, 3.03e-012, 1.76e-010, 7.11e-011, 2.38e-011, 3.15e-011, 9.09e-012, 1.06e-011, 4.67e-012, 9.76e-013, 2.02e-012, 1.64e-012, 7.86e-013, 3.11e-012, 1.19e-013, 4.08e-013, 1.02e-012, 1.12e-013, 1.99e-013, 2.97e-013, 1.71e-013, 2.08e-013, 1.54e-013, 1.86e-013, 1.8e-013, 1.59e-013, 1.64e-013, 1.58e-013, 1.52e-013, 1.51e-013, 1.48e-013, 1.47e-013, 1.46e-013
13:44:06, 0.0504, 1.2, 2.44, 14.3, 17.1, 6.1, 6.49, 1.12, 11.4, 2.86, 4.27, 4.06, 4.02, 1.76, 0.348, 0.72, 0.0842, 1.05, 4.14, 1.5, 0.986, 1.85, 0.301, 0.457, 0.151, 1.97, 1.69, 2.55, 1.7, 0.962, 2.9, 6.91, 3.65, 0.959, 1.13, 1.25, 0.684, 2.13, 0.973, 5.08, 0.767, 1.97, 0.314, 1.05, 0.449, 0.262, 0.0758, 0.1, 0.324, 0.658, 4.01, 1.71, 0.435, 0.158, 0.0939, 0.611, 0.802, 0.693, 1.4, 2.92, 0.384, 0.936, 2.04, 1.4, 0.722, 0.0615, 0.372, 1.16, 0.673, 0.239, 1.18, 2.55, 0.787, 0.271, 0.293, 0.198, 0.14, 0.525, 1.21, 0.185, 0.385, 0.872, 0.0421, 1.41, 1.36, 0.0788, 0.201, 0.00564, 0.314, 0.722, 0.424, 0.142, 0.624, 0.701, 0.0352, 0.03, 0.143, 0.0499, 1.89, 25.2, 25.7, 1.82, 0.218, 0.274, 0.156, 0.193, 0.447, 0.00749, 0.0181, 0.167, 0.151, 0.0598, 0.505, 0.0919, 0.42, 0.239, 0.149, 0.0303, 5.74e-006, 0.00699, 0.00145, 0.00529, 0.0164, 0.00479, 0.0669, 0.0805, 0.0767, 0.0612, 0.0605, 0.0314, 0.0229, 0.0137, 0.0223, 0.0734, 0.0162, 0.00368, 0.0117, 0.0011, 0.00254, 0.0103, 0.00362, 0.000567, 0.0003, 0.000357, 0.000242, 0.000187, 0.000767, 0.000232, 0.000529, 0.00608, 0.00406, 0.000183, 0.00093, 0.000457, 0.000448, 0.000336, 0.000212, 0.000259, 3.54e-005, 2.92e-005, 0.000449, 0.000727, 0.000552, 0.000171, 5.91e-005, 0.000101, 4.94e-005, 5.38e-006, 2.16e-005, 1.69e-005, 2.01e-005, 3.74e-005, 1.25e-005, 1.92e-005, 3.68e-005, 2.66e-005, 7.52e-006, 2.94e-006, 1.83e-006, 3.48e-006, 1.22e-005, 1.7e-005, 3.18e-006, 1.67e-006, 9.52e-008, 4.02e-007, 6.38e-008, 3.77e-007, 1.57e-007, 2.7e-007, 3.22e-008, 2.48e-007, 5.03e-007, 2.52e-007, 4.93e-008, 1.64e-007, 3.19e-007, 1.89e-007, 5.96e-007, 1.71e-006, 1.14e-006, 2.71e-007, 5.18e-008, 1.41e-008, 5.01e-009, 3.38e-008, 6.78e-009, 1.75e-008, 5.25e-009, 5.16e-009, 6.45e-009, 2.76e-009, 3.25e-009, 1.4e-009, 1.41e-009, 1.74e-009, 2e-009, 1.14e-009, 1.67e-009, 6.66e-010, 1.01e-009, 7.05e-010, 3.76e-010, 1.2e-010, 4.64e-011, 2.54e-010, 1.14e-010, 3.6e-011, 8.07e-012, 5.35e-012, 6.58e-012, 9.79e-012, 2.99e-012, 1.63e-012, 6.16e-013, 1.74e-012, 1.76e-012, 1e-012, 5.28e-013, 4.78e-013, 1.58e-013, 2.97e-014, 8.54e-014, 5.95e-014, 2.54e-014, 5.59e-014, 3.34e-014, 3.09e-014, 2.91e-014, 2.92e-014, 2.56e-014, 2.44e-014, 2.27e-014, 2.18e-014, 2.1e-014, 2.06e-014
13:44:06, 0.77, 2.29, 7.73, 22.5, 14.3, 6.8, 10.4, 8.47, 14.2, 3.63, 3.9, 4.94, 4.34, 0.959, 0.798, 1.29, 0.351, 0.653, 3.12, 0.849, 1.33, 2.92, 1.18, 0.574, 0.425, 1.14, 4.4, 5.73, 2.7, 0.887, 1.04, 4.13, 2.22, 0.681, 2.3, 0.949, 0.356, 3.66, 5.33, 7.29, 2.82, 2.58, 2.26, 1.26, 0.0989, 0.893, 0.112, 0.0738, 0.249, 1.44, 3.58, 0.986, 0.656, 0.00927, 0.255, 0.235, 1.8, 1.83, 0.0422, 2.35, 1.54, 0.0998, 1.34, 0.151, 1.93, 0.399, 0.939, 1.6, 0.122, 0.104, 0.947, 3.49, 0.646, 0.275, 0.18, 0.908, 0.201, 0.672, 1.38, 0.14, 0.24, 1.08, 0.621, 2.74, 1.79, 0.213, 0.104, 0.142, 0.513, 0.952, 0.601, 0.438, 1.22, 0.959, 0.0611, 0.122, 0.27, 0.173, 1.07, 23.8, 25.7, 0.788, 0.136, 0.444, 0.416, 0.392, 0.396, 0.0235, 0.086, 0.105, 0.118, 0.0239, 0.716, 0.52, 0.782, 0.604, 0.153, 0.0278, 0.00539, 0.0176, 0.00651, 0.0239, 0.0119, 0.014, 0.0377, 0.0393, 0.0605, 0.0229, 0.0393, 0.0489, 0.0452, 0.0195, 0.029, 0.0606, 0.00979, 0.00133, 0.0139, 0.00738, 0.00713, 0.00578, 0.00399, 0.00138, 0.00102, 0.000747, 0.000778, 0.000776, 0.000684, 4.13e-006, 0.00112, 0.00717, 0.00382, 0.000608, 0.00148, 0.00111, 0.000695, 0.000119, 0.000215, 0.000217, 2.26e-005, 8.58e-006, 0.000278, 0.000541, 0.000439, 9.59e-005, 4.68e-005, 0.000169, 6.06e-005, 4.36e-006, 2.85e-005, 3.6e-006, 4.37e-006, 2.51e-005, 3.31e-007, 7.58e-006, 4.14e-005, 5.17e-005, 2.01e-005, 4.96e-006, 3.33e-006, 1.2e-007, 9.73e-006, 1.15e-005, 8.25e-006, 2.04e-006, 1.06e-007, 1.96e-007, 8.38e-008, 2.67e-007, 1.96e-008, 3.78e-007, 2.35e-007, 4.46e-007, 5.5e-007, 6.66e-007, 3.56e-007, 3.34e-007, 2.07e-007, 1.65e-007, 3.36e-007, 1.39e-006, 7.5e-007, 2.32e-007, 1.19e-007, 3.52e-008, 1.6e-008, 3.86e-008, 2.42e-008, 3.15e-008, 7.31e-009, 7.34e-009, 4.32e-009, 2.9e-010, 1.07e-009, 5.44e-011, 2.9e-010, 1.17e-009, 1.48e-009, 1.57e-010, 6.96e-010, 1.47e-009, 1.13e-009, 2.28e-010, 2.93e-010, 1.85e-010, 1.73e-010, 3.07e-010, 9.71e-011, 3.96e-011, 2.76e-013, 4.88e-012, 1.17e-011, 1.24e-011, 5.33e-012, 3.02e-012, 9.54e-014, 2.15e-012, 5.97e-013, 1.11e-012, 5.56e-013, 7.2e-013, 2.63e-013, 1.45e-013, 2.32e-013, 1.83e-013, 1.48e-013, 1.97e-013, 1.51e-013, 1.67e-013, 1.66e-013, 1.56e-013, 1.63e-013, 1.59e-013, 1.58e-013, 1.58e-013, 1.57e-013, 1.57e-013
13:44:07, 0.0105, 0.995, 14.3, 23.6, 6.86, 2.76, 10.8, 17.1, 14.6, 8.88, 4.78, 1.54, 4.08, 0.498, 0.69, 2.65, 0.7, 0.726, 1.46, 1.38, 2.7, 4.32, 0.606, 1.29, 0.551, 0.744, 5.57, 7.94, 3.21, 0.111, 0.189, 2.51, 2.37, 0.763, 2.22, 1.23, 0.55, 3.59, 11.2, 7.94, 2.67, 3.54, 3.06, 2.08, 1.18, 2.14, 0.508, 0.0158, 0.288, 2.37, 3.63, 0.00122, 1.3, 0.311, 0.665, 0.491, 3.29, 2.5, 0.411, 1.85, 2.13, 0.315, 2, 1.67, 3.25, 1.37, 1.75, 1.76, 0.0966, 0.29, 1.07, 2.92, 1.93, 0.869, 0.988, 1.57, 0.74, 1.15, 1.14, 0.231, 0.134, 1.12, 2.17, 3.39, 1.82, 0.236, 0.0748, 0.36, 0.504, 0.809, 0.458, 0.494, 1.55, 1.3, 0.363, 0.352, 0.278, 0.464, 0.152, 22.2, 27.4, 0.785, 0.104, 0.76, 0.817, 0.371, 0.367, 0.19, 0.0926, 0.0438, 0.0476, 0.168, 0.836, 1.17, 1.24, 0.721, 0.117, 0.00855, 0.0203, 0.0489, 0.0577, 0.0584, 0.00149, 0.0371, 0.0193, 0.0183, 0.017, 0.00313, 0.0228, 0.0277, 0.0596, 0.0276, 0.029, 0.0473, 0.00651, 0.00281, 0.0129, 0.0159, 0.00917, 0.000973, 0.00443, 0.00233, 0.00136, 0.00146, 0.00117, 0.000882, 0.000799, 0.000203, 0.00218, 0.00739, 0.00272, 0.000646, 0.0026, 0.00207, 0.000849, 0.000235, 0.000219, 0.000134, 2.55e-005, 2.41e-006, 0.000227, 0.00018, 0.000199, 0.000111, 5.3e-005, 0.000155, 0.000112, 3.72e-005, 4.28e-005, 2.66e-006, 2.47e-006, 2.77e-005, 1.8e-005, 3.33e-006, 4.64e-005, 7.26e-005, 1.56e-005, 1.15e-005, 1.1e-005, 4.63e-006, 6.45e-006, 4.5e-006, 1.12e-005, 2.16e-006, 1.74e-007, 1.77e-007, 3.57e-007, 1.43e-007, 5.65e-009, 3.91e-007, 1.08e-006, 8.21e-007, 1.15e-007, 1.23e-006, 1.08e-006, 3.77e-007, 6.15e-008, 9.66e-008, 1.95e-007, 8.25e-007, 2.84e-007, 9.13e-008, 1.29e-007, 9.01e-008, 5.7e-008, 2.04e-008, 3.23e-008, 5.66e-008, 2.15e-008, 6.51e-009, 2.4e-009, 5.19e-010, 6.03e-010, 9.92e-011, 2.16e-010, 1.12e-009, 1.01e-009, 1.73e-011, 2.57e-010, 1.35e-009, 8.48e-010, 3.59e-011, 2.36e-010, 5.48e-011, 3.29e-010, 3.08e-010, 3.21e-011, 3.21e-011, 6.12e-012, 5.91e-012, 7.77e-012, 1.55e-011, 6.8e-012, 2.21e-012, 9.01e-013, 8.97e-013, 3.08e-013, 1.26e-013, 1.02e-012, 1.24e-013, 2.56e-013, 1.38e-013, 1.16e-013, 1.4e-013, 1.42e-013, 1.2e-013, 1.19e-013, 1.19e-013, 1.18e-013, 1.18e-013, 1.13e-013, 1.13e-013, 1.12e-013, 1.11e-013, 1.11e-013, 1.1e-013
13:44:07, 0.0116, 0.764, 19.1, 18.7, 1.06, 0.0111, 8.22, 16.9, 8.66, 9.78, 6.62, 0.706, 3.62, 0.116, 0.848, 5.19, 1.83, 1.22, 0.431, 1.28, 5.8, 5.76, 0.0797, 2.71, 1.2, 1.11, 3.72, 7.48, 2.57, 0.201, 0.502, 2.78, 3.87, 1.27, 0.894, 1.88, 0.314, 2.8, 14, 6.97, 0.716, 3.53, 1.68, 2.29, 3.64, 4.14, 1.17, 0.0882, 0.258, 2.2, 3.78, 1.15, 2.03, 1.37, 1.3, 1.75, 3.84, 2.46, 1.02, 1.26, 1.47, 1.67, 3.52, 4.35, 3.72, 1.87, 1.51, 1.9, 0.618, 0.51, 0.715, 1.78, 2.63, 2, 1.89, 1.38, 1.41, 1.25, 0.607, 0.291, 0.12, 0.825, 2.8, 3.19, 0.869, 0.414, 0.205, 0.479, 0.189, 0.531, 0.166, 0.332, 1.1, 1.59, 0.406, 0.421, 0.513, 0.161, 0.583, 23.7, 30.7, 2.61, 0.483, 0.655, 1.17, 0.166, 0.369, 0.517, 0.0438, 0.028, 0.00678, 0.339, 0.772, 1.09, 1.33, 0.524, 0.0549, 0.00322, 0.0321, 0.0791, 0.127, 0.133, 0.0296, 0.0896, 0.0392, 0.0198, 5.88e-005, 0.0144, 0.027, 0.00142, 0.0709, 0.0173, 0.02, 0.0313, 0.00692, 0.00406, 0.00892, 0.0157, 0.0111, 0.000227, 0.0025, 0.00262, 0.000633, 0.00216, 0.000675, 0.000636, 0.00057, 0.000822, 0.0026, 0.00515, 0.00311, 0.000886, 0.00395, 0.00157, 0.000793, 0.000329, 0.00022, 0.000101, 1.22e-005, 4.85e-005, 0.000168, 2.39e-005, 5.04e-005, 0.000131, 9.87e-005, 4.47e-005, 0.000199, 0.000127, 4.83e-005, 1.18e-005, 1.74e-005, 4.69e-005, 4.85e-005, 2.16e-005, 7.05e-005, 7.02e-005, 3.51e-006, 1.61e-005, 2.14e-005, 1.68e-005, 7.35e-006, 4.9e-006, 8.91e-006, 1.77e-006, 8.33e-008, 2.32e-007, 4.34e-007, 1.72e-007, 5.91e-009, 6.14e-007, 2.3e-006, 1.39e-006, 2.12e-007, 1.49e-006, 1.47e-006, 5.04e-007, 1.14e-007, 1.55e-007, 1.42e-007, 3.93e-007, 1.14e-007, 1.96e-008, 4.75e-008, 1.68e-007, 8.97e-008, 5.81e-009, 2.32e-008, 7.39e-008, 3.72e-008, 2.64e-009, 1.92e-009, 1.39e-009, 7.91e-010, 2.29e-011, 7.47e-010, 2.27e-009, 1.21e-009, 2.31e-011, 2.98e-010, 9.89e-010, 2.3e-010, 2.85e-010, 3.53e-010, 4.04e-011, 3.92e-010, 2.51e-010, 1.12e-011, 1.34e-011, 2.39e-011, 5.77e-012, 4.97e-013, 2.53e-011, 3.12e-012, 2.73e-012, 1.13e-012, 5.66e-014, 1.37e-012, 8.92e-014, 7.93e-013, 3.13e-013, 9.36e-014, 2.25e-013, 2.1e-013, 9.23e-014, 1.53e-013, 1.43e-013, 1.01e-013, 9.56e-014, 8.02e-014, 6.88e-014, 6.42e-014, 5.57e-014, 5.01e-014, 4.56e-014, 4.24e-014, 4.05e-014
13:44:07, 1.21, 0.526, 22.9, 15.9, 0.0682, 0.954, 5.11, 8.6, 3.34, 6.16, 9.7, 3.25, 3.56, 0.496, 3.12, 8.55, 3.49, 0.823, 0.467, 1.47, 7.17, 6.13, 2.01, 4.03, 2.9, 1.15, 1.44, 5.2, 1.27, 0.9, 1.34, 2.61, 4.85, 1.84, 0.677, 1.94, 0.0533, 1.82, 13.3, 6, 0.551, 2.11, 0.319, 1.5, 4.72, 5.72, 2.03, 0.11, 0.23, 1.08, 3.55, 2.8, 2.39, 1.91, 1.35, 2.76, 2.88, 1.52, 0.829, 0.499, 0.606, 2.01, 5.26, 4.28, 2.97, 1.16, 0.657, 1.62, 0.928, 0.475, 0.135, 0.788, 1.73, 2.49, 1.89, 0.541, 1.35, 0.896, 0.0837, 0.456, 0.468, 0.149, 2.55, 1.93, 0.166, 0.491, 0.631, 0.215, 0.0676, 0.364, 0.272, 0.244, 0.375, 1.52, 0.318, 0.588, 0.859, 0.309, 2.48, 25.4, 31.7, 4.39, 0.514, 0.411, 0.996, 0.458, 0.614, 0.684, 0.0978, 0.0553, 0.0736, 0.349, 0.468, 0.427, 0.947, 0.248, 0.0166, 0.015, 0.0578, 0.0664, 0.125, 0.225, 0.13, 0.141, 0.0834, 0.0201, 0.00721, 0.0346, 0.0521, 0.0289, 0.0687, 0.0123, 0.014, 0.0149, 0.00702, 0.0113, 0.00458, 0.0139, 0.0173, 0.00152, 0.000923, 0.0038, 0.000814, 0.00284, 1.61e-005, 0.000337, 0.000166, 0.00134, 0.00171, 0.00215, 0.00351, 0.00301, 0.00419, 0.000454, 0.000581, 0.000196, 0.000158, 0.00015, 3.46e-005, 8.2e-005, 9.51e-005, 4.43e-005, 1.96e-005, 7.8e-005, 0.000161, 1.77e-005, 0.000262, 0.000187, 3.77e-005, 1.31e-005, 3.32e-005, 6.81e-005, 4.85e-005, 4.66e-005, 8.66e-005, 4.95e-005, 3.39e-006, 1.58e-005, 2.6e-005, 1.86e-005, 1.45e-005, 1.14e-005, 4.88e-006, 6.11e-007, 3.66e-007, 5.06e-007, 1.64e-007, 2.99e-007, 2.08e-007, 1.17e-006, 2.63e-006, 2e-006, 1e-006, 1.15e-006, 9.83e-007, 7.43e-007, 3.36e-007, 2.6e-007, 2.76e-008, 1.95e-007, 1.56e-007, 1.91e-008, 3.58e-008, 1.57e-007, 1.01e-007, 7.83e-009, 9.84e-009, 7.25e-008, 4.43e-008, 5.71e-010, 6.04e-010, 1.9e-009, 7.51e-010, 1.71e-010, 1.52e-009, 4.04e-009, 1.34e-009, 3.94e-011, 3.8e-010, 6.97e-010, 9.69e-012, 6.58e-010, 6.24e-010, 2.85e-010, 3.04e-010, 1.51e-010, 2.67e-011, 1.69e-011, 1.47e-011, 7.09e-012, 6.9e-012, 3.37e-011, 8.18e-012, 3.27e-012, 2.28e-012, 5.1e-013, 3.24e-013, 2.89e-014, 1.97e-013, 7.12e-014, 7.19e-015, 4.28e-014, 8.89e-015, 8.2e-014, 6.22e-015, 3.47e-014, 1.44e-014, 2.32e-014, 1.68e-014, 2.14e-014, 1.83e-014, 1.91e-014, 1.89e-014, 1.88e-014, 1.88e-014, 1.88e-014
13:44:07, 0.026, 1.74, 27.7, 21.7, 0.974, 0.298, 4.63, 1.24, 3.07, 5.63, 12.4, 3.6, 2.75, 3.14, 7.37, 11.5, 3.02, 0.33, 0.518, 2.82, 5.52, 3.86, 4.79, 3.91, 3.6, 0.961, 0.985, 3.2, 0.219, 1.62, 1.8, 1.1, 4.05, 2.88, 1.92, 2.24, 0.105, 1.94, 10.9, 5.12, 1.4, 0.892, 0.0934, 0.66, 3.35, 4.7, 3.06, 0.242, 0.408, 0.174, 2.93, 2.3, 1.84, 1.52, 0.536, 2.58, 1.24, 0.493, 0.277, 0.0465, 0.297, 1.47, 6, 1.57, 1.77, 0.313, 0.0747, 1.17, 0.501, 0.306, 0.0144, 0.255, 0.555, 1.55, 1.2, 0.0412, 1.17, 0.232, 0.0607, 0.689, 1.35, 0.225, 2.29, 0.818, 0.0595, 0.389, 1.3, 0.119, 0.196, 0.717, 1.13, 0.297, 0.346, 0.698, 0.769, 1.2, 2.09, 1.01, 2.36, 23, 29.3, 2.98, 0.78, 0.0138, 0.86, 0.933, 0.811, 0.703, 0.102, 0.1, 0.294, 0.167, 0.212, 0.0197, 0.582, 0.0661, 0.0223, 0.0246, 0.116, 0.033, 0.1, 0.254, 0.171, 0.144, 0.107, 0.0112, 0.0158, 0.0671, 0.0663, 0.0622, 0.0632, 0.0151, 0.0128, 0.0097, 0.00489, 0.0238, 0.0105, 0.0194, 0.0242, 0.00407, 0.00289, 0.00641, 0.00422, 0.00343, 0.000361, 0.000188, 6.28e-005, 0.00103, 0.000691, 0.000741, 0.00219, 0.0045, 0.00384, 0.000142, 0.000205, 0.000215, 0.00019, 0.000195, 4.04e-005, 7.7e-005, 2.26e-005, 8.98e-005, 2.95e-005, 9.04e-005, 0.000214, 0.000114, 0.000251, 0.00016, 1.83e-005, 5.01e-006, 3.58e-005, 6.72e-005, 2.22e-005, 4.57e-005, 6.92e-005, 2.73e-005, 6.98e-006, 1.56e-005, 2.02e-005, 7.57e-006, 2.22e-005, 1.33e-005, 2.22e-006, 1.36e-008, 1.09e-006, 9.69e-007, 1.2e-007, 5.31e-007, 7.54e-007, 1.24e-006, 1.85e-006, 1.8e-006, 1.51e-006, 4.8e-007, 3.72e-007, 6.01e-007, 5.14e-007, 2.23e-007, 9.08e-009, 1.1e-007, 1.36e-007, 6.39e-008, 8.33e-008, 7.25e-008, 8.59e-008, 2.31e-008, 2.45e-009, 6.25e-008, 4.39e-008, 1.45e-009, 2.46e-011, 1.59e-009, 7.62e-010, 1.48e-010, 2.34e-009, 5.26e-009, 1.65e-009, 1.89e-011, 3.51e-010, 4.77e-010, 2.98e-010, 8.92e-010, 6.94e-010, 4.33e-010, 1.76e-010, 5.5e-011, 3.4e-011, 4.83e-012, 2.51e-011, 6.92e-012, 2.93e-011, 5.92e-011, 1.31e-011, 5.14e-012, 4.16e-012, 7.75e-013, 1.95e-012, 5.89e-013, 3.58e-013, 1.17e-012, 5.98e-013, 5.3e-013, 8.14e-013, 4e-013, 7.98e-013, 5.49e-013, 5.88e-013, 6.07e-013, 5.66e-013, 5.92e-013, 5.69e-013, 5.72e-013, 5.69e-013, 5.68e-013, 5.66e-013, 5.65e-013
13:44:07, 0.262, 6.47, 27.9, 30.9, 5.62, 1.95, 4.94, 0.944, 4.91, 6.25, 12, 2.07, 2.57, 4.88, 9.44, 12.6, 1.28, 0.207, 0.471, 3.58, 3.36, 0.722, 5.89, 1.82, 2.63, 1.65, 0.844, 1.69, 1.12, 2.25, 1.51, 0.226, 2.01, 3.32, 3.09, 2.26, 0.805, 3.95, 8.14, 2.38, 1.39, 0.267, 0.347, 0.237, 1.75, 1.71, 3.38, 0.988, 0.672, 0.559, 2.12, 0.681, 0.663, 0.891, 0.0239, 1.91, 0.369, 0.104, 0.0307, 0.159, 0.455, 2.26, 4.67, 0.342, 0.824, 0.451, 0.0446, 1.3, 0.115, 0.473, 0.0283, 0.221, 0.196, 0.903, 0.476, 0.982, 1.18, 0.0982, 0.288, 1.23, 1.96, 1.41, 1.92, 0.559, 0.0299, 0.733, 1.81, 0.591, 0.484, 1.2, 2.07, 0.975, 0.507, 0.089, 1.27, 2.53, 2.53, 1.81, 0.511, 18.1, 26, 0.756, 0.639, 0.18, 0.892, 0.849, 0.599, 0.613, 0.0682, 0.192, 0.607, 0.0939, 0.17, 0.204, 0.386, 0.0426, 0.0241, 0.0415, 0.147, 0.0685, 0.125, 0.163, 0.11, 0.0737, 0.0962, 0.0235, 0.0411, 0.0866, 0.0445, 0.0551, 0.0526, 0.0083, 0.0111, 0.0146, 0.0126, 0.0235, 0.0194, 0.0286, 0.0211, 0.00667, 0.00623, 0.00921, 0.00607, 0.00381, 0.00153, 0.00026, 3.18e-005, 0.000587, 0.000532, 0.00095, 0.000451, 0.00389, 0.00349, 0.000283, 5.36e-005, 0.000374, 0.000526, 0.00028, 3.39e-005, 0.000107, 1.75e-005, 5.23e-005, 8.01e-005, 0.000194, 0.000214, 0.000167, 0.000165, 8.92e-005, 7.12e-006, 4.76e-007, 2.64e-005, 4.78e-005, 3.17e-006, 2.39e-005, 3.56e-005, 1.2e-005, 1.74e-006, 1.64e-005, 9.97e-006, 3.69e-007, 2.35e-005, 1.06e-005, 8.32e-007, 9.47e-007, 1.08e-006, 1.38e-006, 7.23e-007, 8.6e-007, 1.02e-006, 6.4e-007, 8.1e-007, 7.5e-007, 1.19e-006, 1.92e-007, 1.34e-007, 1.91e-007, 4.24e-007, 1.49e-007, 3.65e-008, 8.57e-008, 3.8e-008, 1.23e-007, 1.06e-007, 7.38e-009, 5.85e-008, 3.07e-008, 8.84e-009, 4.78e-008, 3.67e-008, 4.11e-009, 6.13e-010, 1.03e-009, 6.53e-010, 5.41e-011, 2.78e-009, 5.01e-009, 1.86e-009, 2.91e-010, 3.3e-010, 1.65e-010, 7.92e-010, 7.1e-010, 5.2e-010, 2.2e-010, 1.13e-010, 1.19e-012, 2.82e-011, 8.8e-012, 2.68e-011, 1.81e-011, 9.1e-011, 6.51e-011, 1.03e-011, 4.25e-012, 3.69e-012, 1.07e-012, 2.52e-013, 6.33e-013, 8.75e-013, 3.18e-014, 2.8e-013, 6.83e-014, 1.11e-013, 3.76e-014, 1.21e-013, 4.95e-014, 4.71e-014, 3.55e-014, 3.38e-014, 3.14e-014, 2.39e-014, 2.16e-014, 1.87e-014, 1.64e-014, 1.48e-014, 1.38e-014
13:44:07, 0.225, 4.63, 16.2, 35.6, 13.9, 5.94, 5.8, 4.76, 6.36, 1.97, 11.2, 3.7, 2.68, 3.74, 6.03, 12.2, 1.73, 0.536, 1.06, 2.28, 1.81, 0.734, 5.66, 0.429, 1.87, 1.69, 0.405, 0.58, 2.56, 3.12, 0.733, 0.434, 0.711, 2.27, 2.88, 1.18, 2.12, 5.71, 6.11, 0.065, 1.16, 0.108, 0.37, 0.121, 1.15, 0.252, 2.91, 1.08, 1, 1.84, 1.26, 0.0275, 0.025, 0.385, 0.438, 1.33, 0.708, 0.107, 0.0301, 0.146, 0.881, 3.56, 2.96, 0.485, 0.546, 1.12, 0.653, 2.42, 1.18, 0.916, 0.246, 0.609, 1.38, 1.6, 1.07, 2.27, 1.16, 0.243, 0.557, 2.02, 1.37, 2.27, 1.37, 0.367, 0.334, 1.26, 1.55, 1.38, 0.606, 0.991, 2.54, 1.73, 0.508, 0.0717, 1.29, 2.94, 2.24, 0.812, 0.245, 16.7, 24.8, 0.976, 0.0822, 0.556, 0.977, 0.272, 0.275, 0.302, 0.303, 0.461, 0.687, 0.32, 0.301, 0.358, 0.254, 0.118, 0.0273, 0.0281, 0.15, 0.123, 0.141, 0.0574, 0.0268, 0.0171, 0.0628, 0.0864, 0.0862, 0.0672, 0.0119, 0.0222, 0.0353, 0.00352, 0.00623, 0.0202, 0.022, 0.014, 0.0146, 0.0285, 0.012, 0.00482, 0.00812, 0.0076, 0.0046, 0.00238, 0.00298, 0.000672, 0.00019, 0.000363, 0.000243, 0.00206, 0.000925, 0.00439, 0.00217, 0.000375, 2.51e-005, 0.000654, 0.000922, 0.000407, 0.000166, 0.000274, 0.00013, 5.39e-006, 0.000185, 0.000303, 0.000106, 0.00011, 6.09e-005, 3.69e-005, 9.53e-006, 2.92e-007, 2.38e-005, 2.83e-005, 1.68e-006, 1.3e-005, 1.59e-005, 3.05e-006, 1.87e-006, 1.38e-005, 3.54e-006, 2.17e-006, 2.24e-005, 1.19e-005, 1.2e-006, 1.87e-006, 4.8e-007, 1.18e-006, 1.4e-006, 1.1e-006, 4.52e-007, 2.11e-007, 2.74e-007, 4.82e-008, 7.14e-007, 3.88e-007, 6.26e-008, 2.39e-008, 1.75e-007, 1.1e-007, 1.18e-008, 9.25e-008, 1.58e-009, 1.35e-007, 9.59e-008, 6.04e-009, 3.27e-008, 2.18e-008, 2.4e-008, 2.33e-008, 2.51e-008, 7.81e-009, 2.95e-010, 1.11e-009, 3.39e-010, 9.59e-011, 3.36e-009, 2.97e-009, 1.38e-009, 1.04e-009, 4.36e-010, 2.14e-010, 8.49e-010, 2.98e-010, 2.13e-010, 5.21e-011, 3.32e-011, 2.95e-011, 4.45e-011, 3.18e-011, 2.25e-011, 4.39e-011, 1.15e-010, 7.37e-011, 3.37e-012, 3.81e-012, 2.53e-012, 3.94e-014, 3.56e-013, 1.23e-012, 6.57e-013, 2.33e-013, 4.9e-014, 9.51e-014, 5.35e-014, 9.54e-015, 8.1e-014, 1.59e-014, 1.78e-014, 1.51e-014, 1.1e-014, 9.58e-015, 8.76e-015, 6.31e-015, 4.83e-015, 3.71e-015, 2.89e-015, 2.41e-015
13:44:07, 6.85, 8.68, 5.1, 29.1, 18.5, 7.27, 4.19, 7.5, 5.54, 0.172, 11.1, 7.34, 1.75, 1.72, 1.51, 10.7, 4.44, 1.16, 1.3, 1.03, 0.415, 3.49, 5.6, 1.28, 1.39, 0.777, 0.107, 0.178, 2.5, 4.09, 0.178, 1.36, 0.814, 2.52, 1.86, 0.439, 2.43, 4.9, 4.71, 0.983, 1.59, 0.609, 0.162, 0.251, 1.42, 1.57, 2.16, 0.263, 1.12, 2.35, 1.07, 0.00852, 0.0217, 0.191, 0.5, 0.853, 1.24, 0.413, 0.192, 0.0262, 1.57, 3.03, 1.81, 0.244, 0.693, 1.25, 1.67, 4.06, 3.16, 0.932, 0.59, 1.57, 3.8, 3.39, 1.92, 2.18, 1.31, 0.0473, 1.15, 2.59, 0.205, 2.18, 1.15, 0.147, 1.33, 1.38, 0.539, 2, 0.499, 0.654, 2.26, 1.25, 0.692, 0.187, 0.838, 2.5, 0.702, 0.182, 1.08, 21.2, 26.5, 1.78, 0.0122, 0.38, 0.942, 0.102, 0.18, 0.092, 0.943, 0.775, 0.382, 0.484, 0.413, 0.258, 0.0974, 0.175, 0.0764, 0.0479, 0.153, 0.0635, 0.143, 0.00517, 0.000357, 0.0195, 0.0664, 0.138, 0.101, 0.0366, 0.000356, 0.00369, 0.0187, 0.00456, 0.00447, 0.0169, 0.0187, 0.0054, 0.00446, 0.0177, 0.00615, 0.0014, 0.0063, 0.00282, 0.00273, 0.000583, 0.00392, 0.00147, 0.000347, 0.000188, 2.72e-005, 0.00322, 0.00477, 0.00572, 0.00113, 0.000303, 0.000392, 0.00095, 0.000705, 0.000526, 0.00034, 0.000405, 0.000402, 0.000168, 0.000361, 0.000251, 2.45e-005, 4.27e-005, 8.12e-006, 1.63e-005, 4.73e-006, 3.99e-006, 2.54e-005, 2.34e-005, 1.06e-007, 1.41e-005, 1.35e-005, 4.57e-006, 1.15e-005, 8.75e-006, 2.65e-006, 3.21e-006, 2.47e-005, 1.74e-005, 3.37e-006, 1.62e-006, 2.17e-008, 8.25e-007, 1.03e-006, 1.11e-006, 3.16e-009, 2.56e-007, 2.81e-007, 1.9e-007, 4.96e-007, 5.03e-007, 3.39e-008, 2.27e-008, 5.34e-008, 5.66e-008, 2.37e-008, 1.06e-007, 5.28e-008, 1.07e-007, 6.5e-008, 2.33e-008, 2.32e-008, 3.32e-009, 3.21e-008, 5.3e-009, 1.32e-008, 1.27e-008, 5.36e-010, 2.21e-009, 9.84e-010, 6.88e-010, 3.93e-009, 1.31e-009, 6.8e-010, 1.29e-009, 6.56e-010, 4.71e-010, 5.57e-010, 5.78e-011, 1.16e-010, 3.46e-012, 1.62e-012, 8.37e-011, 9.96e-011, 5.09e-011, 6.37e-012, 4.56e-011, 1.06e-010, 5.58e-011, 8.49e-012, 2.36e-012, 7.29e-013, 1.33e-013, 3.68e-013, 1.07e-012, 7.64e-013, 2.17e-014, 7.7e-014, 5e-014, 7.95e-015, 3.19e-014, 5.57e-015, 4.47e-015, 2.56e-015, 6.03e-016, 6.85e-016, 1.06e-015, 6.23e-016, 6.23e-016, 5.55e-016, 5.09e-016, 4.69e-016, 4.49e-016
13:44:07, 5.21, 10.3, 7.11, 17.6, 11, 7.3, 1.29, 7.05, 2.34, 3.21, 12.4, 8.77, 0.148, 0.913, 1.12, 7.71, 6.05, 1.41, 0.788, 0.337, 0.119, 6.24, 6.55, 0.684, 1.67, 0.34, 0.157, 0.249, 1.3, 5.31, 1.03, 2.27, 2.66, 4.22, 2.07, 0.55, 1.11, 2.22, 3.41, 2.39, 2.02, 1.68, 0.299, 0.596, 1.96, 2.98, 1.96, 0.0416, 0.381, 2.12, 1.25, 0.0717, 0.0174, 0.129, 0.297, 0.304, 1.59, 0.68, 0.393, 0.338, 2.09, 1.37, 0.776, 0.193, 0.714, 1.23, 1.2, 5.51, 4.51, 0.527, 0.581, 2.59, 5.36, 4.81, 1.31, 1.39, 1.28, 0.0494, 1.53, 2.91, 0.396, 1.76, 0.961, 0.437, 2.31, 1.45, 0.237, 1.76, 0.681, 0.836, 1.37, 0.301, 0.773, 0.239, 0.75, 1.62, 0.0132, 0.429, 1.95, 27.1, 29.1, 1.78, 0.0178, 0.54, 0.467, 0.262, 0.406, 0.686, 1.71, 0.785, 0.0622, 0.414, 0.26, 0.136, 0.00684, 0.125, 0.16, 0.2, 0.186, 0.0288, 0.142, 0.01, 0.018, 0.0532, 0.107, 0.107, 0.06, 0.0286, 0.00122, 0.00686, 0.00909, 0.0021, 0.00311, 0.00918, 0.00791, 0.0021, 0.00288, 0.00634, 0.00406, 0.00247, 0.00277, 0.000143, 0.00225, 0.00141, 0.00293, 0.00198, 0.000729, 0.000163, 0.000892, 0.00539, 0.00771, 0.00505, 0.00148, 0.000429, 0.000905, 0.000896, 0.000205, 0.000474, 0.000304, 0.000304, 0.000715, 0.000572, 0.000453, 0.000102, 2.49e-005, 3.33e-005, 2.16e-005, 1.09e-005, 4.04e-007, 1.36e-005, 1.34e-005, 2.46e-005, 7.2e-006, 1.06e-005, 1.12e-005, 2.09e-005, 1.72e-005, 2.55e-006, 4.72e-006, 5.16e-006, 1.96e-005, 2.27e-005, 4.09e-006, 8.3e-007, 4.22e-007, 6.5e-007, 2.54e-007, 1.11e-006, 1.19e-007, 3.11e-007, 6.28e-007, 3.75e-007, 2.78e-007, 6.08e-007, 1.11e-008, 9.44e-008, 1.88e-008, 5.45e-008, 5.95e-008, 1.07e-007, 1.03e-007, 5.43e-008, 3.73e-008, 1.29e-008, 2.11e-008, 3.57e-009, 3.04e-008, 6.36e-009, 7.46e-009, 1.1e-008, 5.41e-009, 6e-009, 2.29e-009, 1.3e-009, 3.61e-009, 1.7e-009, 7.32e-010, 3.77e-010, 1.13e-009, 2.9e-010, 3.49e-010, 2.05e-010, 1.28e-010, 8.5e-011, 7.82e-011, 1.62e-010, 1.16e-010, 3.81e-011, 3.83e-012, 4.68e-011, 5.13e-011, 3.11e-011, 1.33e-011, 1.76e-012, 1.5e-013, 3.7e-013, 1.01e-013, 1.39e-012, 3.98e-013, 1.51e-013, 2.51e-013, 1.25e-013, 1.51e-014, 1.02e-013, 6.31e-014, 6.2e-014, 4.24e-014, 6.36e-014, 5.34e-014, 4.98e-014, 5.18e-014, 4.97e-014, 4.91e-014, 4.85e-014, 4.81e-014, 4.79e-014
13:44:08, 0.114, 12.8, 20.9, 8.95, 3.69, 6.75, 2.07, 5.61, 0.108, 5.68, 11.6, 7.51, 0.812, 1.76, 0.663, 5.78, 5.27, 0.571, 0.537, 0.11, 1.29, 9, 8, 0.046, 1.59, 0.585, 0.438, 0.609, 1.54, 5.95, 2.77, 2.41, 3.83, 5.23, 2.8, 0.456, 0.174, 0.548, 1.52, 2.19, 1.49, 2.45, 1.13, 1.54, 1.74, 2.32, 2.79, 0.502, 0.0711, 1.42, 1.14, 0.231, 0.0105, 0.0706, 0.177, 0.288, 1.97, 0.361, 0.631, 1.5, 1.71, 0.32, 0.186, 0.244, 0.898, 1.21, 0.536, 5.55, 4.01, 0.373, 0.479, 2.51, 4.17, 4.52, 0.424, 0.736, 1.02, 0.34, 1.24, 2.8, 1.76, 1.25, 0.472, 0.857, 2.45, 1.83, 0.822, 0.88, 0.96, 1.05, 0.577, 0.00341, 0.464, 0.52, 1.15, 1.21, 0.168, 0.395, 3.12, 27.2, 30.4, 2.31, 0.15, 0.63, 0.407, 0.255, 1.06, 1.65, 1.88, 0.622, 0.05, 0.228, 0.0561, 0.0655, 0.0277, 0.0452, 0.17, 0.428, 0.278, 0.109, 0.122, 0.0433, 0.0423, 0.101, 0.102, 0.0397, 0.0162, 0.0265, 0.0127, 0.0118, 0.00389, 1.1e-005, 0.000799, 0.00319, 0.00519, 0.00169, 0.00641, 0.000828, 0.00205, 0.00433, 0.0015, 0.000102, 0.00214, 0.00427, 0.00114, 0.00152, 0.00152, 0.000761, 0.00257, 0.00795, 0.00587, 0.00266, 0.00216, 0.000681, 0.000703, 0.000687, 1.78e-005, 0.000298, 0.000147, 0.000124, 0.000782, 0.000884, 0.000304, 4.79e-005, 1.85e-005, 7.59e-005, 4.41e-005, 8.46e-006, 7.58e-006, 2.22e-005, 5.81e-007, 2.68e-005, 2.6e-005, 7.87e-006, 6.49e-006, 4.19e-005, 2.5e-005, 2.21e-006, 1.19e-005, 5.25e-006, 1.03e-005, 2.39e-005, 2.35e-006, 6.02e-007, 8.78e-007, 8.03e-007, 4.86e-007, 1.26e-006, 2.91e-007, 1.4e-007, 1.1e-006, 5.68e-007, 2.15e-007, 8.88e-007, 1.87e-007, 2.65e-007, 1.26e-007, 9.81e-008, 1.35e-008, 1.32e-007, 7.45e-008, 1.65e-008, 1.71e-008, 2.07e-009, 1.2e-008, 1.91e-008, 3.48e-008, 1.38e-008, 3.9e-009, 4.32e-009, 1.29e-008, 1.11e-008, 3.29e-009, 8.23e-010, 2.54e-009, 2.87e-009, 1.46e-009, 1.17e-010, 1.59e-009, 1.48e-010, 3.69e-010, 2.71e-010, 1.61e-010, 2.45e-010, 2.28e-010, 2.37e-010, 6.74e-011, 1.26e-011, 2.78e-011, 3.77e-011, 1.53e-011, 7.67e-012, 6.42e-012, 3.59e-012, 1.18e-013, 2.03e-013, 5.82e-015, 5.05e-013, 1.08e-012, 3.44e-013, 4.54e-014, 6.2e-014, 8.51e-014, 3.21e-014, 4.84e-014, 1.47e-014, 3.91e-014, 1.91e-014, 2.05e-014, 1.7e-014, 1.6e-014, 1.4e-014, 1.28e-014, 1.19e-014, 1.11e-014, 1.07e-014
13:44:08, 5.27, 20.8, 27.7, 9.2, 4.41, 4.34, 5.11, 6.39, 0.974, 3.54, 8.11, 4.2, 3.21, 3.3, 0.15, 5.61, 4.14, 0.0946, 0.396, 0.246, 2.73, 10.7, 8.81, 1.73, 1.17, 0.401, 1.09, 1.53, 3.26, 5.59, 2.39, 1.82, 2.65, 3.72, 3.81, 0.00731, 0.164, 0.477, 0.971, 1.44, 0.807, 2.15, 1.5, 2.93, 1.06, 1.45, 3.51, 1.1, 0.514, 0.702, 0.631, 0.341, 0.0685, 0.0116, 0.144, 0.671, 2.13, 0.703, 1.31, 2.91, 0.665, 0.21, 0.143, 0.0308, 1.26, 1.48, 1.3, 3.58, 2.62, 0.399, 0.407, 1.73, 1.35, 3.2, 0.56, 0.385, 0.611, 0.365, 0.644, 2.17, 1.95, 0.708, 0.0894, 0.599, 1.94, 1.66, 1.16, 0.237, 0.879, 0.684, 0.27, 0.119, 0.148, 0.896, 1.42, 1.01, 0.186, 0.571, 2.26, 20.9, 30.1, 2.89, 0.0507, 0.924, 0.798, 0.631, 1.36, 1.77, 1.47, 0.312, 0.268, 0.161, 0.0153, 0.00267, 0.118, 0.0184, 0.17, 0.468, 0.355, 0.16, 0.0608, 0.0724, 0.0498, 0.0967, 0.0822, 0.00574, 0.0175, 0.0311, 0.0344, 0.00813, 0.00174, 0.000466, 9.79e-005, 0.0017, 0.00929, 0.00874, 0.0099, 0.00016, 0.000106, 0.00416, 0.00225, 0.0001, 0.00315, 0.00519, 0.000837, 0.00129, 0.00187, 0.00131, 0.00331, 0.00779, 0.00303, 0.000746, 0.00193, 0.00053, 0.000261, 0.000392, 0.000133, 0.000193, 7.03e-005, 6.1e-005, 0.000556, 0.000782, 0.000123, 4.42e-005, 3.71e-005, 0.000128, 5.01e-005, 1.69e-006, 2.01e-005, 3.92e-005, 9.4e-006, 2.4e-005, 3.04e-005, 1.32e-005, 1.16e-005, 4.2e-005, 3.87e-005, 1.48e-005, 1.71e-005, 3.68e-006, 6.58e-006, 2.17e-005, 2.78e-006, 4.3e-007, 5.7e-007, 1.43e-006, 1.19e-006, 1.08e-006, 4.14e-007, 1.11e-007, 1.29e-006, 1.09e-006, 7.36e-007, 8.92e-007, 4.82e-007, 5.4e-007, 3.12e-007, 1.08e-007, 1.12e-008, 1.69e-007, 5.24e-008, 5.77e-009, 7.94e-009, 8.55e-009, 2.37e-009, 2.79e-008, 4.61e-008, 7.27e-009, 3.16e-009, 9.7e-010, 1.5e-008, 1.4e-008, 2.92e-009, 1.28e-010, 1.32e-009, 2.38e-009, 2.56e-009, 1.39e-009, 1.84e-009, 4.8e-010, 4.32e-010, 1.78e-010, 1.15e-010, 3.25e-010, 4.21e-010, 1.56e-010, 3.8e-011, 2.75e-012, 6.8e-011, 1.99e-011, 3.29e-013, 2.44e-012, 3.71e-012, 2.38e-012, 3.02e-013, 2.13e-013, 7.28e-014, 2.11e-013, 7.93e-013, 5.8e-013, 9.14e-014, 1.07e-013, 1.37e-013, 6.13e-014, 8.89e-014, 6.99e-014, 3.82e-014, 7.33e-014, 5.02e-014, 5.32e-014, 5.18e-014, 4.98e-014, 4.9e-014, 4.79e-014, 4.73e-014, 4.69e-014
13:44:08, 6.36, 25.2, 20.2, 9.69, 8.86, 1.51, 5.94, 9.23, 2.86, 0.762, 4.63, 0.64, 4.48, 4.24, 1.84, 4.92, 4.39, 0.942, 0.233, 0.515, 3.47, 8.18, 7.55, 3.51, 1.01, 0.17, 1.19, 2.41, 4.64, 3.11, 1.3, 0.569, 1.39, 1.53, 4.6, 1.14, 1.63, 1.81, 2.78, 1.49, 0.942, 1.47, 0.622, 3.75, 1.76, 1.91, 2.42, 1.53, 1.17, 0.102, 0.299, 0.196, 0.177, 0.0163, 0.161, 0.667, 1.69, 1.97, 2.8, 3.24, 0.253, 0.179, 0.426, 0.226, 1.76, 1.75, 1.5, 1.77, 0.964, 0.54, 0.403, 1.16, 0.287, 2.06, 0.522, 0.312, 0.19, 0.0982, 0.195, 1.23, 0.968, 0.291, 0.0139, 0.227, 1.06, 0.84, 0.674, 0.287, 0.979, 0.624, 0.363, 0.254, 0.205, 0.703, 1.15, 0.635, 0.0714, 0.547, 0.593, 14.2, 28.4, 2.76, 0.0975, 0.73, 1.59, 1.22, 0.803, 0.997, 0.886, 0.0522, 0.357, 0.328, 0.108, 0.0665, 0.211, 0.0862, 0.175, 0.299, 0.256, 0.133, 0.00651, 0.0723, 0.0291, 0.0553, 0.0887, 0.0259, 0.0426, 0.053, 0.0419, 0.00321, 0.000997, 0.000324, 0.000578, 0.000638, 0.016, 0.0285, 0.0149, 0.00196, 0.000604, 0.00328, 0.00328, 0.0012, 0.00365, 0.00353, 0.00199, 0.00168, 0.00105, 0.00129, 0.00198, 0.00514, 0.0025, 0.000471, 0.000969, 0.000171, 3.49e-005, 0.000236, 8.93e-005, 0.000185, 5.82e-005, 7.15e-005, 0.000255, 0.000446, 0.000109, 5.46e-005, 0.000125, 0.000119, 4.21e-005, 3e-006, 3.29e-005, 6.01e-005, 3.42e-005, 1.22e-005, 1.94e-005, 2.36e-005, 1.21e-005, 2.74e-005, 4.16e-005, 2.49e-005, 1.54e-005, 3.67e-006, 7.38e-006, 1.84e-005, 5.57e-006, 4.18e-007, 4.86e-007, 1.8e-006, 1.18e-006, 5.61e-007, 4.53e-007, 4.07e-007, 1.04e-006, 1.29e-006, 1.65e-006, 5.73e-007, 4.64e-007, 9.41e-007, 3.37e-007, 5.38e-008, 9.37e-008, 2.61e-007, 1.04e-007, 4.21e-009, 7.45e-009, 1.81e-008, 5.27e-009, 3.97e-008, 5.25e-008, 1.22e-009, 1.57e-009, 2.89e-009, 1.33e-008, 9.44e-009, 2.87e-009, 2.74e-010, 3.03e-010, 9.03e-010, 2.88e-009, 2.98e-009, 1.82e-009, 4.12e-010, 5.72e-010, 1.2e-010, 7.76e-011, 1.96e-010, 4.7e-010, 1.1e-010, 3.99e-011, 5.86e-011, 7.52e-011, 1.21e-011, 2.54e-012, 1.98e-012, 2.05e-012, 1.24e-012, 6.13e-013, 2.58e-013, 9.21e-014, 3.34e-013, 2.38e-013, 5.75e-013, 2.07e-013, 2.54e-014, 1.62e-013, 3.68e-014, 8.76e-014, 6.86e-014, 6.38e-014, 6.19e-014, 6.68e-014, 6.44e-014, 6.06e-014, 6.05e-014, 6.05e-014, 5.97e-014, 5.95e-014, 5.93e-014
13:44:08, 0.232, 20, 10.6, 5.64, 9.71, 2.24, 7.57, 11.3, 1.96, 0.131, 3.18, 0.518, 3.89, 3.6, 2.63, 3.76, 3.17, 2.39, 0.897, 1.49, 2.41, 4.09, 4.48, 2.61, 2.18, 0.665, 0.343, 2.41, 3.79, 0.777, 0.702, 0.71, 1.33, 1.66, 3.88, 2.94, 3.8, 5.02, 4.7, 1.61, 1.1, 1.11, 0.317, 3.3, 2.86, 2.26, 1.08, 0.922, 1.77, 0.283, 0.336, 0.116, 0.423, 0.0212, 0.19, 0.397, 0.951, 2.79, 3.03, 3.13, 0.372, 0.0564, 0.636, 1.16, 2.39, 1.34, 0.61, 0.945, 0.193, 0.685, 0.643, 1.13, 0.882, 1.41, 0.0599, 0.246, 0.019, 0.0255, 0.0577, 0.488, 0.291, 0.0556, 0.0885, 0.0948, 0.381, 0.209, 0.135, 0.665, 1.39, 1.44, 1.01, 0.725, 0.557, 0.209, 0.643, 0.401, 0.00297, 0.198, 0.599, 14, 26.4, 1.84, 0.0229, 0.709, 1.8, 1.19, 0.173, 0.267, 0.417, 0.0497, 0.263, 0.564, 0.317, 0.226, 0.248, 0.189, 0.101, 0.127, 0.066, 0.0993, 0.0151, 0.044, 0.0138, 0.0349, 0.11, 0.0396, 0.0541, 0.0655, 0.0296, 0.00397, 0.00215, 0.00112, 0.00436, 0.00252, 0.0312, 0.0429, 0.0165, 0.00454, 0.00251, 0.00201, 0.00257, 0.00415, 0.0026, 0.00156, 0.00266, 0.0011, 0.00102, 0.00124, 0.000356, 0.00386, 0.00288, 0.000353, 0.00043, 6.57e-005, 1.33e-005, 0.000109, 2.52e-005, 0.000249, 0.000102, 0.000122, 2.46e-005, 0.000242, 0.000136, 8.4e-005, 0.000193, 7.02e-005, 2.07e-005, 2.06e-005, 3.32e-005, 6.22e-005, 4.92e-005, 2.96e-006, 1.05e-005, 2.32e-005, 6.61e-006, 1.61e-005, 2.87e-005, 1.6e-005, 1.31e-005, 1.43e-006, 9.02e-006, 1.16e-005, 6.58e-006, 1.11e-006, 8.54e-007, 1.25e-006, 6.38e-007, 1.5e-007, 2.58e-007, 7.29e-007, 6.61e-007, 6.93e-007, 2.31e-006, 5.16e-007, 4.79e-007, 1.06e-006, 2.29e-007, 7.16e-009, 1.41e-007, 3.74e-007, 2.29e-007, 2.28e-008, 1.15e-008, 1.17e-008, 2.17e-008, 6.31e-008, 5.86e-008, 1.86e-009, 1.58e-011, 9.32e-009, 9.82e-009, 2.96e-009, 3.13e-009, 2.57e-010, 3.04e-011, 2.5e-010, 1.73e-009, 3.1e-009, 1.5e-009, 4.08e-011, 6.04e-010, 2.6e-010, 9.67e-011, 4.09e-011, 3.21e-010, 2.28e-010, 9.87e-011, 1.29e-010, 6.7e-011, 4.37e-012, 4.63e-012, 4.21e-012, 1.65e-012, 1.3e-012, 1.29e-013, 5.26e-013, 7.7e-014, 2.59e-013, 1.19e-012, 6.56e-015, 1.3e-013, 5.37e-013, 2.25e-013, 1.82e-013, 2.53e-013, 2.09e-013, 2.76e-013, 2.2e-013, 2.26e-013, 2.23e-013, 2.28e-013, 2.24e-013, 2.24e-013, 2.22e-013, 2.22e-013, 2.22e-013
13:44:08, 2.79, 20.6, 12.7, 7.44, 4.48, 4.79, 16.7, 9.73, 0.637, 1.76, 2.04, 1.89, 3.77, 1.39, 1.6, 1.91, 0.964, 2.94, 2.1, 2.33, 1.61, 2.37, 3.71, 1.9, 4.9, 1.45, 0.143, 1.19, 2.1, 0.415, 0.662, 1.14, 2.04, 2.95, 1.7, 3.14, 5.02, 6.12, 5.7, 0.894, 0.778, 0.964, 0.913, 2.23, 2.28, 1.41, 0.554, 0.432, 1.74, 0.999, 0.673, 0.641, 0.94, 0.201, 0.531, 0.435, 0.99, 2.29, 1.36, 2.65, 0.878, 0.0201, 0.958, 2.2, 1.72, 1.12, 0.43, 0.76, 0.27, 0.874, 1.08, 0.973, 1.07, 0.883, 0.236, 0.306, 0.125, 0.131, 0.0817, 0.177, 0.109, 0.0408, 0.119, 0.112, 0.0936, 0.0863, 0.146, 0.55, 1.46, 2.16, 1.82, 1.17, 0.787, 0.148, 0.493, 0.273, 0.0122, 0.0824, 1.66, 19.8, 24.9, 1.4, 0.0854, 0.43, 1.45, 0.581, 0.0193, 0.0558, 0.143, 0.118, 0.186, 0.524, 0.559, 0.221, 0.223, 0.158, 0.031, 0.0351, 0.0158, 0.0847, 0.0819, 0.0154, 0.0081, 0.063, 0.131, 0.00885, 0.0632, 0.0377, 0.0146, 0.0087, 0.00495, 0.00621, 0.0119, 0.0179, 0.0489, 0.0343, 0.0121, 0.00405, 0.00495, 0.000408, 0.00221, 0.00363, 0.00357, 0.00213, 0.00415, 0.00102, 0.00301, 0.00261, 0.00151, 0.00421, 0.00269, 3.63e-005, 0.000308, 8.79e-006, 2.7e-005, 6.84e-005, 0.000195, 0.000418, 0.00029, 0.000199, 5.16e-005, 0.000164, 6.28e-005, 0.000129, 0.000141, 5.48e-005, 1.23e-005, 2.98e-005, 2.02e-005, 3.62e-005, 4.45e-005, 8.35e-006, 5.52e-006, 1.09e-005, 7.96e-006, 1.86e-005, 1.52e-005, 5.75e-006, 9.19e-006, 1.11e-007, 8.21e-006, 3.56e-006, 5.18e-006, 1.61e-006, 7.07e-007, 4.54e-007, 3.42e-007, 2.58e-008, 6.17e-008, 6.45e-007, 6.88e-007, 6.28e-007, 1.82e-006, 9.75e-007, 8.66e-007, 6.73e-007, 1.72e-007, 1.81e-008, 7.35e-008, 3.97e-007, 3.94e-007, 7.89e-008, 7.02e-009, 9.23e-009, 2.82e-008, 6.31e-008, 7.03e-008, 1.21e-008, 4.41e-009, 1.83e-008, 9.76e-009, 2.29e-009, 2.38e-009, 1.94e-010, 5.42e-011, 1.08e-010, 8.01e-010, 1.61e-009, 1.19e-009, 3.01e-011, 3.77e-010, 5.62e-010, 5.79e-011, 1.23e-011, 1.82e-010, 3.47e-010, 1.47e-010, 1.32e-010, 5.84e-011, 5.26e-013, 9.13e-012, 1.42e-012, 2.79e-012, 5.1e-013, 5.86e-013, 4.06e-014, 2.52e-013, 1.29e-013, 1.8e-013, 3.52e-013, 3.57e-015, 1.3e-013, 1.75e-014, 2.6e-014, 3.49e-014, 4.5e-014, 2.21e-014, 2.77e-014, 2.86e-014, 2.68e-014, 2.71e-014, 2.59e-014, 2.56e-014, 2.54e-014, 2.52e-014, 2.51e-014
13:44:08, 5.55, 19.7, 20.4, 15.5, 5.72, 8.44, 28.1, 10.4, 0.88, 3.61, 0.822, 1.68, 3.17, 0.582, 0.972, 0.205, 0.305, 3.44, 3.2, 1.14, 2.76, 4.18, 5.82, 4.85, 5.5, 2.25, 1.32, 0.486, 1.54, 1.76, 0.617, 0.618, 2.5, 2.41, 0.514, 1.97, 4.21, 3.25, 5.6, 0.507, 0.392, 0.766, 0.785, 1.15, 0.896, 0.215, 0.741, 0.702, 0.966, 1.31, 0.922, 1.11, 1.6, 0.874, 0.917, 0.809, 1.66, 1.27, 0.214, 1.64, 1.03, 0.256, 1.5, 2.79, 0.168, 1.95, 1.5, 0.422, 0.509, 0.672, 1.02, 0.469, 0.712, 0.328, 0.588, 0.845, 0.443, 0.159, 0.289, 0.305, 0.214, 0.311, 0.107, 0.157, 0.167, 0.178, 0.516, 0.11, 1.13, 1.76, 1.7, 1.2, 0.437, 0.559, 0.667, 0.178, 0.00044, 0.0385, 2.38, 23.4, 25, 1.39, 0.0512, 0.423, 0.644, 0.279, 0.0208, 0.126, 0.0731, 0.121, 0.0636, 0.35, 0.649, 0.0571, 0.195, 0.0316, 0.0324, 0.0223, 0.043, 0.135, 0.137, 0.00137, 0.000587, 0.0981, 0.197, 0.0162, 0.0504, 0.0118, 0.00211, 0.01, 0.00976, 0.00788, 0.0177, 0.0389, 0.0536, 0.0123, 0.00878, 0.000193, 0.0096, 0.00225, 0.00206, 0.0011, 0.0056, 0.00694, 0.00899, 0.00599, 0.00699, 0.00268, 0.00286, 0.00515, 0.00238, 9.24e-005, 0.000163, 7.17e-005, 7.39e-005, 0.000127, 0.0005, 0.000732, 0.000279, 0.000266, 0.000343, 0.000153, 1.91e-005, 7.16e-005, 6.75e-005, 6.42e-005, 3.49e-005, 2.2e-005, 9.5e-006, 5.5e-006, 3.66e-005, 1.64e-005, 1e-006, 2.79e-006, 9.35e-006, 2.97e-005, 1.98e-005, 7.74e-006, 2.17e-006, 3.81e-006, 8.7e-006, 1.15e-007, 4.04e-006, 4.28e-007, 8.33e-007, 1.1e-007, 5.24e-007, 1.04e-011, 1.03e-007, 7.75e-007, 1.56e-006, 1.14e-006, 7.31e-007, 1.13e-006, 1.14e-006, 2.71e-007, 9.26e-008, 8.6e-008, 2.96e-009, 3.35e-007, 4.51e-007, 1.37e-007, 1.34e-008, 9.9e-009, 1.65e-008, 3.39e-008, 7.09e-008, 2.54e-008, 1.28e-008, 2.62e-008, 1.36e-008, 5.68e-009, 3.65e-009, 7.97e-010, 8.71e-010, 9e-010, 1.65e-010, 7.43e-010, 9.97e-010, 7.06e-011, 2.47e-010, 6.85e-010, 1.35e-010, 3.54e-012, 1.54e-010, 3.37e-010, 1.12e-010, 5.95e-011, 7e-011, 8.39e-012, 1.14e-011, 1.18e-012, 5.06e-012, 1.8e-012, 3.11e-012, 7.02e-013, 3.62e-014, 5.09e-013, 1.2e-013, 7.5e-013, 1.15e-013, 1.51e-013, 3.15e-013, 3.13e-013, 1.5e-013, 2.25e-013, 1.56e-013, 1.75e-013, 1.72e-013, 1.73e-013, 1.63e-013, 1.63e-013, 1.6e-013, 1.58e-013, 1.57e-013, 1.56e-013
13:44:08, 0.0536, 12.6, 19.2, 17, 13.2, 20, 29.9, 10.3, 3.82, 5.02, 0.114, 1.07, 1.41, 2.37, 1.38, 0.677, 1.82, 5.64, 4.19, 0.917, 5.48, 3.7, 7.23, 9.67, 2.5, 2.65, 2.63, 1.16, 2.31, 3.63, 0.597, 0.443, 1.71, 0.904, 0.515, 1.88, 2.36, 0.56, 5.63, 0.632, 0.281, 0.576, 0.398, 0.285, 0.199, 0.0789, 1.09, 0.779, 0.329, 0.743, 0.82, 0.761, 1.82, 1.8, 0.667, 1, 1.59, 0.974, 0.421, 0.469, 0.849, 0.395, 1.64, 2.94, 0.35, 2.68, 3.25, 0.324, 0.915, 0.287, 0.857, 0.384, 0.676, 0.16, 0.682, 2.01, 0.93, 0.021, 1.01, 1.31, 0.941, 0.549, 0.0345, 0.182, 0.276, 0.479, 0.897, 0.105, 0.829, 0.695, 0.752, 0.937, 0.0192, 1.1, 0.667, 0.11, 0.0532, 0.211, 1.58, 21.6, 25.5, 1.65, 0.009, 0.185, 0.41, 0.0587, 0.197, 0.363, 0.291, 0.271, 0.0216, 0.148, 0.572, 0.137, 0.257, 0.0261, 0.0886, 0.0181, 0.0491, 0.245, 0.159, 0.0169, 0.0116, 0.164, 0.315, 0.106, 0.0223, 0.00468, 0.000488, 0.00231, 0.0225, 0.00051, 0.0292, 0.0334, 0.0409, 0.00852, 0.0104, 0.00693, 0.0151, 0.00577, 0.00206, 0.00126, 0.00755, 0.00739, 0.0147, 0.017, 0.00888, 0.000997, 0.00286, 0.00365, 0.00279, 0.000256, 6.83e-005, 0.000375, 0.000312, 0.000238, 0.000411, 0.0013, 0.000145, 0.000445, 0.000686, 0.000194, 5.03e-005, 1.1e-005, 1.68e-005, 5.25e-005, 6.8e-005, 2.48e-005, 1.29e-005, 5.16e-006, 3.85e-005, 1.35e-005, 5.56e-008, 8.58e-007, 4.34e-006, 3.48e-005, 3.16e-005, 1.33e-005, 9.57e-007, 7.92e-006, 1.2e-005, 3.3e-006, 2.53e-006, 3.41e-007, 1.23e-006, 1.32e-006, 1.87e-006, 5.43e-007, 8.46e-007, 1.84e-006, 2.21e-006, 1.26e-006, 6.33e-008, 6.96e-007, 8.41e-007, 1.92e-007, 6.64e-008, 6.11e-008, 2.66e-008, 3.74e-007, 2.28e-007, 1.89e-007, 3.63e-008, 1.92e-009, 7.87e-009, 9.16e-009, 5.48e-008, 2.47e-008, 1.4e-008, 3.12e-008, 1.11e-008, 7.41e-009, 7.05e-009, 3.7e-009, 3.11e-009, 2.55e-009, 7.36e-010, 2.59e-010, 9.79e-010, 1.06e-010, 3.31e-010, 4.42e-010, 3.08e-010, 6.93e-011, 1.49e-010, 2.28e-010, 2.63e-011, 1.97e-011, 4.93e-011, 1.93e-011, 1.35e-011, 2.48e-012, 1.08e-011, 5.43e-012, 2.77e-012, 2.1e-012, 1.12e-013, 1.1e-013, 3.83e-013, 2.11e-013, 6.59e-013, 1.56e-013, 5.2e-014, 2.84e-013, 7.76e-014, 1.19e-013, 7.26e-014, 8.62e-014, 7.42e-014, 6.39e-014, 6.37e-014, 5.8e-014, 5.43e-014, 5.15e-014, 4.96e-014, 4.84e-014
13:44:08, 5.52, 16.9, 9.67, 9.38, 16.5, 29.6, 21.4, 5.84, 5.52, 5.34, 2.13, 1.2, 1.27, 4.64, 1.63, 1.6, 4.7, 7.62, 4.73, 3.53, 7.51, 1.23, 6.96, 12.4, 0.48, 2.36, 2.29, 1.87, 3.17, 4.13, 1.5, 0.664, 0.526, 0.435, 1.03, 3.08, 0.583, 0.952, 7.12, 2.14, 1.61, 1.32, 0.741, 0.0461, 0.000356, 0.494, 2.02, 0.843, 0.327, 0.102, 0.367, 0.227, 1.18, 2.52, 0.117, 1.12, 0.481, 1.13, 0.595, 0.0454, 0.522, 0.217, 1.58, 2.96, 1.31, 2.44, 4.29, 1.85, 1.82, 0.43, 0.758, 1.3, 1.23, 0.368, 0.441, 3.03, 2.48, 0.671, 2.44, 2.76, 1.7, 0.649, 0.0399, 0.274, 0.127, 0.788, 1.18, 0.469, 0.596, 0.0407, 0.083, 0.696, 0.321, 1.35, 0.675, 0.0331, 0.256, 0.722, 0.136, 18.8, 25.6, 1.51, 0.000276, 0.141, 0.4, 0.239, 0.498, 0.494, 0.777, 0.633, 0.221, 0.00378, 0.492, 0.59, 0.35, 0.134, 0.163, 0.0716, 0.123, 0.292, 0.116, 0.0528, 0.0648, 0.288, 0.372, 0.159, 0.026, 0.00745, 0.0113, 0.0088, 0.0541, 0.0216, 0.0599, 0.00591, 0.0317, 0.0216, 0.0152, 0.0224, 0.0196, 0.00539, 0.00152, 0.00533, 0.0101, 0.00134, 0.0191, 0.0209, 0.00963, 0.000137, 0.00206, 0.00124, 0.00287, 0.000403, 0.000152, 0.000634, 0.000777, 0.000387, 0.000234, 0.00204, 0.000722, 0.00083, 0.00065, 0.000227, 0.000109, 9.82e-006, 1.38e-006, 3.39e-005, 5.82e-005, 3.41e-005, 2.48e-005, 2.92e-005, 4.66e-005, 1.32e-005, 4.92e-008, 9.1e-007, 2.54e-006, 3.4e-005, 2.64e-005, 1.41e-005, 6.54e-006, 1.18e-005, 1.25e-005, 6.79e-006, 1.12e-006, 1.15e-006, 2.61e-006, 3.5e-006, 3.62e-006, 3.08e-006, 3.04e-006, 2.16e-006, 1.7e-006, 9.13e-007, 6.05e-008, 3.57e-007, 2.14e-007, 4.23e-007, 1.97e-007, 4.78e-009, 2.08e-007, 5.39e-007, 2.26e-008, 2.37e-007, 7.65e-008, 5.64e-009, 3.62e-009, 3.75e-009, 3.64e-008, 1.53e-008, 9.28e-009, 2.8e-008, 5.86e-009, 6.18e-009, 1.04e-008, 4.34e-009, 5.14e-009, 5.71e-009, 2.44e-009, 7.45e-011, 1.24e-009, 8.87e-010, 3.63e-010, 1.8e-010, 4.5e-010, 1.37e-010, 7.71e-011, 9.77e-011, 3.03e-011, 1.1e-011, 1.65e-011, 1.33e-011, 1.1e-011, 8.75e-012, 1.29e-011, 3.48e-012, 3.61e-012, 2.19e-012, 1.35e-012, 4.15e-014, 1.62e-013, 8.19e-013, 2.11e-013, 3.46e-013, 4.82e-013, 6.22e-014, 1.58e-013, 1.44e-013, 1.17e-013, 1.29e-013, 1.18e-013, 1.26e-013, 1.19e-013, 1.2e-013, 1.19e-013, 1.18e-013, 1.18e-013, 1.18e-013
13:44:09, 3.82, 14.7, 1.88, 4.25, 8.01, 27.7, 10.6, 1.21, 2.85, 4.59, 4.2, 2.25, 3.13, 6.08, 1.25, 1.76, 8.13, 5.93, 3.11, 7.03, 6.17, 1.19, 6.94, 13.8, 1.67, 1.3, 1.21, 1.2, 2.96, 2.3, 3.02, 1.22, 0.672, 1.4, 2.28, 4.13, 0.228, 2.72, 9.19, 5.92, 4.41, 3.94, 1.36, 0.193, 0.088, 1.08, 3.36, 1.66, 0.575, 0.0972, 0.2, 0.0837, 0.391, 3.13, 0.71, 1.2, 0.037, 1.24, 0.375, 0.0178, 0.431, 0.607, 2.29, 2.33, 1.12, 1.59, 3.08, 4.78, 2.84, 0.632, 0.666, 2.03, 1.91, 0.654, 0.152, 3.15, 4.96, 2.86, 2.79, 3.29, 1.93, 0.318, 0.331, 0.486, 0.0288, 1.02, 1.47, 0.282, 0.48, 0.213, 0.127, 1, 1.02, 0.775, 1.18, 0.377, 0.485, 0.555, 0.449, 19.8, 26.8, 0.792, 0.253, 0.0179, 0.821, 0.876, 0.523, 0.346, 0.991, 1.16, 0.445, 0.0479, 0.343, 1.04, 0.436, 0.0886, 0.337, 0.201, 0.197, 0.257, 0.0391, 0.0572, 0.132, 0.371, 0.273, 0.118, 0.0522, 0.0162, 0.0268, 0.0461, 0.112, 0.0988, 0.0878, 0.0141, 0.0279, 0.0218, 0.0185, 0.0286, 0.0171, 0.0036, 0.000411, 0.00993, 0.0143, 0.00286, 0.0197, 0.011, 0.00959, 0.00333, 0.00163, 0.00074, 0.00213, 0.000467, 0.000191, 0.000874, 0.000789, 0.000538, 0.000777, 0.00301, 0.00153, 0.000935, 0.000466, 0.000102, 0.000193, 5.6e-005, 1.42e-005, 1.98e-005, 3.27e-005, 1.88e-005, 3.18e-005, 4.17e-005, 4.74e-005, 1.56e-005, 5.39e-007, 2.03e-006, 8.37e-006, 2.77e-005, 1.15e-005, 7.39e-006, 1.51e-005, 1.19e-005, 6.86e-006, 7.14e-006, 1.24e-006, 2.41e-006, 5.9e-006, 2.68e-006, 4.29e-006, 7.28e-006, 5.32e-006, 9.64e-007, 8.84e-007, 4.67e-007, 1.99e-007, 1.84e-007, 4.92e-009, 6.68e-007, 5.92e-007, 1.73e-007, 4.2e-007, 6.76e-007, 1.92e-007, 3.06e-007, 1.24e-007, 1.74e-008, 1.03e-008, 1.62e-010, 3.32e-008, 1.59e-008, 5.76e-009, 1.71e-008, 8.9e-009, 7.61e-009, 8.31e-009, 2.43e-009, 4.35e-009, 8.14e-009, 4.38e-009, 7.97e-010, 1.45e-009, 2.31e-009, 5.63e-010, 2.46e-010, 4.59e-010, 8.83e-011, 2.83e-011, 2.02e-011, 5.27e-011, 3.39e-012, 6.2e-012, 6.69e-012, 1.85e-012, 1.1e-011, 1.08e-011, 2.85e-013, 3.71e-012, 2.61e-012, 8.16e-013, 7.6e-013, 7.2e-013, 5.86e-014, 9.15e-013, 8.25e-014, 5.26e-013, 2.89e-014, 9.69e-014, 5.3e-014, 8.01e-014, 4.98e-014, 4.85e-014, 4.4e-014, 3.86e-014, 3.57e-014, 3.27e-014, 3.03e-014, 2.87e-014, 2.77e-014
13:44:09, 0.066, 11.2, 4.71, 3.08, 2.53, 17.6, 4.43, 0.0429, 0.364, 2.61, 3.38, 3.34, 3.31, 6.05, 2.12, 2.87, 8.36, 3.05, 0.686, 7.37, 3.84, 1.35, 9.94, 13.8, 2.61, 0.642, 0.272, 0.158, 2.15, 0.271, 3.4, 2.49, 2.05, 3.04, 2.85, 4.26, 2.21, 5.18, 8.36, 7.18, 7.02, 6.67, 1.79, 0.14, 0.357, 2.23, 3.72, 1.96, 0.779, 0.55, 0.452, 0.259, 0.758, 3.55, 2.2, 0.861, 0.598, 1.62, 0.509, 0.11, 0.47, 1.38, 4, 1.87, 0.722, 0.449, 1.98, 5.05, 3.8, 0.419, 0.738, 1.62, 1.85, 0.952, 0.258, 2.23, 5.98, 5.34, 1.31, 2.62, 1.92, 0.0622, 0.629, 0.515, 0.369, 1.34, 1.25, 0.0593, 0.406, 0.729, 0.815, 2.31, 1.52, 0.278, 2.15, 1.05, 0.355, 0.135, 1.54, 23.7, 30.2, 1.91, 0.842, 0.385, 1.47, 1.38, 0.278, 0.0808, 0.812, 1.19, 0.662, 0.216, 0.0864, 1.4, 0.64, 0.1, 0.499, 0.258, 0.155, 0.181, 0.0162, 0.0471, 0.102, 0.333, 0.157, 0.0623, 0.0697, 0.0107, 0.0362, 0.1, 0.151, 0.137, 0.108, 0.0366, 0.0218, 0.0105, 0.0123, 0.0219, 0.00902, 0.00215, 0.0013, 0.0107, 0.0163, 0.0149, 0.0162, 0.0012, 0.00736, 0.00605, 0.00271, 0.00152, 0.000904, 0.000478, 0.000151, 0.000908, 0.000473, 0.000375, 0.00227, 0.00402, 0.0011, 0.000785, 0.000358, 5.06e-005, 0.000171, 0.000125, 7.84e-005, 1.21e-005, 3.42e-005, 4.44e-006, 4.7e-005, 1.61e-005, 4.8e-005, 1.91e-005, 5.59e-007, 5.66e-006, 1.78e-005, 1.39e-005, 4.85e-006, 2.62e-006, 1.94e-005, 5.18e-006, 2.09e-006, 4.01e-006, 4.55e-006, 5.8e-006, 8.45e-006, 7.48e-007, 3.69e-006, 9.06e-006, 5.82e-006, 2.87e-007, 4.94e-007, 6.39e-008, 2e-007, 5.85e-008, 2.47e-007, 1.05e-006, 1.07e-006, 4.01e-007, 3.79e-007, 6.62e-007, 5.18e-007, 3.42e-007, 1.3e-007, 2.58e-008, 1.46e-008, 4.17e-009, 3.91e-008, 3.6e-008, 2.71e-009, 1.2e-008, 1.59e-008, 7.77e-009, 4.84e-009, 1.94e-010, 1.84e-009, 7.08e-009, 6.41e-009, 1.05e-009, 1.17e-009, 3.55e-009, 1.39e-009, 3.36e-010, 2.33e-010, 1.24e-010, 5.26e-011, 1.87e-011, 9.01e-011, 8.83e-012, 3.21e-012, 6.95e-012, 2.58e-012, 3.24e-012, 7.35e-012, 1.06e-012, 3.51e-012, 6.71e-013, 8.92e-013, 1.11e-012, 3.2e-013, 3.73e-013, 1.21e-013, 2.81e-013, 1.59e-013, 2.12e-014, 2.21e-014, 1.04e-014, 1.23e-014, 1.01e-014, 7.94e-015, 7e-015, 7.15e-015, 6.42e-015, 6.35e-015, 5.98e-015, 5.79e-015, 5.68e-015
13:44:09, 5.69, 13.8, 9.49, 3.21, 5.69, 10.5, 1.2, 1.01, 0.105, 1.46, 0.71, 3.75, 0.832, 5.45, 3.93, 3.77, 6.35, 0.884, 0.232, 5.59, 3.05, 0.852, 11.5, 12.6, 1.14, 0.477, 0.00746, 0.226, 1.55, 0.337, 3.01, 2.95, 2.31, 4.73, 1.67, 3.4, 7.13, 5.44, 4.45, 4.41, 5.59, 7.56, 2.11, 0.023, 0.975, 2.92, 2.56, 1.24, 0.553, 0.812, 0.959, 0.534, 1.25, 3.64, 2.61, 0.328, 1.01, 2.26, 1.21, 0.432, 0.206, 1.68, 4.91, 2.74, 1.52, 0.808, 1.57, 2.51, 3.55, 0.762, 0.991, 0.758, 1.07, 1.45, 0.584, 0.88, 4.7, 5.15, 0.582, 2.02, 2.36, 0.379, 0.528, 0.297, 0.711, 1.64, 0.558, 0.217, 0.515, 0.746, 1.61, 3.66, 2.32, 1.08, 2.67, 1.41, 0.111, 0.108, 1.37, 26.6, 32.7, 4.72, 0.846, 1.09, 1.98, 1.28, 0.0559, 0.00573, 0.519, 0.674, 0.55, 0.465, 0.173, 1.73, 1.05, 0.326, 0.44, 0.211, 0.0393, 0.134, 0.0196, 0.0485, 0.0241, 0.24, 0.231, 0.106, 0.0545, 0.00643, 0.0206, 0.124, 0.14, 0.0691, 0.119, 0.0279, 0.0152, 0.00459, 0.00645, 0.00843, 0.00416, 0.000296, 0.00448, 0.00677, 0.0122, 0.0221, 0.0109, 0.000667, 0.0043, 0.0039, 0.00389, 0.00232, 0.000135, 0.000931, 0.000417, 0.000368, 0.000455, 0.000307, 0.00386, 0.00417, 0.000331, 0.00043, 0.000464, 0.000125, 5.55e-005, 0.000151, 0.000184, 5.85e-005, 4.53e-005, 2.98e-005, 7.16e-005, 1.87e-005, 7.25e-005, 4.07e-005, 7.04e-006, 8.33e-006, 1.65e-005, 9.56e-006, 3.77e-006, 1.24e-005, 1.6e-005, 3.79e-007, 1.14e-006, 2.8e-006, 6.92e-006, 8.13e-006, 8.58e-006, 1.23e-006, 2.88e-006, 6.04e-006, 4.73e-006, 6.87e-007, 3.57e-007, 1.25e-007, 2.99e-007, 1.64e-007, 7.58e-007, 1.27e-006, 1.09e-006, 4.55e-007, 1.28e-007, 4.98e-007, 5.32e-007, 2.65e-007, 8.64e-008, 1.8e-008, 1.22e-008, 1.15e-008, 4.47e-008, 5.33e-008, 8.07e-009, 1.54e-008, 1.54e-008, 3.67e-009, 3.28e-009, 1.92e-010, 3.45e-010, 3.27e-009, 7.55e-009, 1.04e-009, 1.31e-009, 3.38e-009, 2.22e-009, 3.02e-010, 1.49e-010, 2.77e-010, 9.48e-011, 1.16e-010, 1.6e-010, 7.01e-011, 3.25e-011, 2.13e-011, 8.51e-012, 5.81e-013, 7.7e-012, 2.86e-012, 3.13e-012, 1.04e-013, 3.1e-013, 1.58e-012, 1.97e-013, 6.48e-015, 1.47e-013, 2.6e-013, 8.01e-014, 6.8e-015, 7.16e-014, 5.68e-014, 3.27e-014, 3.41e-014, 3.25e-014, 3.03e-014, 2.72e-014, 2.61e-014, 2.42e-014, 2.31e-014, 2.22e-014, 2.17e-014
13:44:09, 2.44, 10.1, 7, 3.76, 6.65, 8.1, 0.28, 1.67, 0.668, 1.23, 0.187, 2.66, 0.248, 5.3, 5.04, 2.26, 4.87, 0.257, 0.599, 4.95, 2.57, 1.11, 9.83, 8.23, 1.19, 0.659, 0.369, 0.84, 1.08, 1.4, 2.48, 1.84, 1.18, 4.39, 1.92, 4, 11.9, 2.7, 1.59, 1.09, 2.15, 5.85, 2.19, 0.213, 1.48, 2.44, 0.918, 0.354, 0.186, 0.629, 1.38, 0.467, 1.22, 2.57, 1.91, 0.0873, 1.11, 2.09, 1.6, 1.06, 0.0641, 1.93, 3.3, 3.56, 2.76, 1.76, 1.28, 0.355, 2.57, 0.942, 1.2, 0.739, 1.03, 1.31, 0.634, 0.199, 2.84, 2.39, 1.69, 2.01, 2.48, 1.05, 0.2, 0.105, 0.485, 1.59, 0.374, 0.484, 1.06, 0.091, 2.34, 3.12, 2.72, 2.93, 2.1, 0.912, 0.352, 0.243, 1.59, 24.8, 30.4, 4.77, 0.755, 1.14, 1.64, 0.968, 0.0396, 0.105, 0.265, 0.252, 0.122, 0.737, 0.8, 1.56, 1.34, 0.515, 0.165, 0.179, 0.0442, 0.105, 0.00445, 0.0552, 0.0265, 0.214, 0.398, 0.229, 0.0607, 0.0075, 0.00341, 0.109, 0.0906, 0.00813, 0.101, 0.0177, 0.0114, 0.0115, 0.00397, 0.00144, 0.00162, 0.000345, 0.00531, 0.00338, 0.00671, 0.0163, 0.00622, 0.00267, 0.00222, 0.00115, 0.00243, 0.00409, 0.00169, 0.00276, 0.000981, 1.49e-005, 0.000485, 0.000818, 0.00415, 0.00345, 0.000216, 0.000165, 0.000618, 0.000109, 1.81e-005, 7.87e-005, 0.000342, 0.000135, 2.51e-005, 5.85e-005, 0.000101, 6.97e-005, 0.000114, 0.0001, 3.26e-005, 6.25e-006, 1.67e-005, 2.26e-005, 1.22e-005, 2.12e-005, 1.06e-005, 2.08e-006, 2.56e-006, 5.01e-006, 4.31e-006, 6.6e-006, 6.29e-006, 2.78e-006, 2.04e-006, 1.76e-006, 3.47e-006, 4.98e-007, 4.37e-007, 5.01e-007, 4.95e-007, 6.53e-007, 1.11e-006, 7.67e-007, 8.17e-007, 1.66e-007, 1.56e-008, 3.61e-007, 2.56e-007, 1.41e-007, 4.99e-008, 8.08e-009, 5.58e-009, 1.02e-008, 3.8e-008, 5.14e-008, 2.19e-008, 1.43e-008, 1.05e-008, 3.16e-011, 4.07e-009, 8.55e-010, 9.21e-010, 3.95e-010, 7.5e-009, 2.82e-009, 1.38e-009, 1.98e-009, 2.02e-009, 5.03e-010, 2.45e-010, 3.83e-010, 1.27e-010, 1.47e-010, 2.46e-010, 1.54e-010, 9.1e-011, 4e-011, 2.42e-011, 3.22e-012, 4.26e-012, 5.6e-012, 2.62e-012, 2.77e-013, 1.57e-012, 4.24e-013, 7.64e-013, 8.58e-013, 5.84e-013, 6.58e-013, 3.46e-013, 3.4e-013, 6.01e-013, 4.26e-013, 4.99e-013, 4.7e-013, 4.52e-013, 4.65e-013, 4.53e-013, 4.53e-013, 4.51e-013, 4.5e-013, 4.49e-013, 4.48e-013
13:44:09, 0.112, 8.11, 3.06, 2.39, 3.5, 5.83, 3.85, 2.97, 0.367, 1.34, 2.3, 2.07, 0.527, 6.25, 8.37, 3.24, 6.75, 0.134, 0.121, 6.72, 2.95, 1.14, 7.95, 2.86, 2.14, 1.56, 1.7, 1.17, 0.312, 2.12, 0.837, 1.45, 0.618, 2.2, 3.03, 8.68, 12.3, 1.28, 0.477, 0.372, 0.77, 2.64, 2.18, 0.234, 1.61, 1.4, 0.0684, 0.118, 0.116, 0.51, 1.75, 0.0737, 0.802, 1.11, 0.852, 0.58, 0.884, 1.24, 0.913, 1.51, 0.918, 1.95, 1.06, 2.44, 3.09, 1.51, 0.68, 0.197, 2.09, 0.31, 1.26, 1.74, 1.92, 0.52, 0.54, 0.926, 1.51, 0.383, 2.8, 1.33, 1.95, 1.31, 0.042, 0.0485, 0.071, 1.36, 1.08, 1.01, 1.55, 0.279, 2.94, 1.2, 2.16, 3.45, 1.3, 0.163, 1.1, 0.541, 2.11, 18.4, 23.8, 2.18, 0.395, 0.668, 0.614, 0.762, 0.1, 0.17, 0.127, 0.0819, 0.0588, 0.936, 1.23, 0.753, 1.17, 0.352, 0.0147, 0.179, 0.178, 0.059, 0.00397, 0.0442, 0.0791, 0.222, 0.408, 0.284, 0.0869, 0.0179, 0.0148, 0.0628, 0.0541, 0.019, 0.0681, 0.0253, 0.0115, 0.0213, 0.00229, 0.00056, 0.000428, 0.00124, 0.00341, 0.00407, 0.00772, 0.0078, 0.00241, 0.00173, 0.00121, 0.000106, 0.000681, 0.00561, 0.00604, 0.0053, 0.00166, 0.000283, 0.000318, 0.00108, 0.003, 0.00255, 0.000269, 0.000174, 0.00071, 9.91e-005, 4.76e-005, 0.000142, 0.000405, 0.000183, 1.75e-006, 7.26e-005, 9.55e-005, 8.07e-005, 0.000139, 0.000146, 6.56e-005, 1.48e-005, 2.56e-005, 4.31e-005, 2.68e-005, 1.51e-005, 6.01e-006, 3.51e-006, 4.85e-006, 7.27e-006, 6.33e-007, 3.22e-006, 3.16e-006, 1.93e-006, 1.08e-006, 1.69e-007, 2.46e-006, 1.13e-007, 4.98e-007, 6.24e-007, 5.45e-007, 9.01e-007, 1.14e-006, 9.54e-008, 5.2e-007, 3.9e-008, 8.99e-008, 4.15e-007, 1.32e-007, 7.42e-008, 4.82e-008, 7.78e-009, 1.73e-009, 6.1e-009, 1.66e-008, 3.89e-008, 1.95e-008, 8.98e-009, 5.39e-009, 2.75e-009, 3.85e-009, 2.43e-009, 2.19e-009, 1.27e-009, 8.75e-009, 4.48e-009, 9.75e-010, 5.41e-010, 1.23e-009, 5.59e-010, 3.48e-010, 4.35e-010, 4.43e-011, 1e-010, 2.6e-010, 1.5e-010, 1.23e-010, 5.71e-011, 3.28e-011, 1.25e-012, 8.06e-012, 3.11e-012, 2.46e-013, 1.99e-012, 1.57e-012, 1.63e-013, 2.14e-012, 1.2e-012, 6.93e-013, 6.45e-013, 1.14e-012, 7.27e-013, 9.58e-013, 7.42e-013, 8.65e-013, 7.86e-013, 8.14e-013, 7.88e-013, 8e-013, 7.85e-013, 7.86e-013, 7.83e-013, 7.81e-013, 7.8e-013
13:44:09, 0.171, 5.17, 1.99, 1.24, 0.64, 2.97, 8.4, 5.16, 0.471, 2.3, 4.45, 1.88, 0.0681, 7.18, 16.5, 15, 12.3, 1.93, 1.93, 8.17, 5.54, 2.99, 5.37, 0.471, 1.47, 3.05, 2.65, 1.07, 0.0336, 2.5, 0.399, 2.78, 3.37, 0.564, 3.24, 13, 10.1, 1.01, 0.553, 0.547, 0.641, 0.54, 2.91, 0.144, 1.96, 0.375, 0.194, 0.549, 0.452, 1.26, 1.77, 0.22, 0.244, 0.425, 0.117, 1.37, 0.399, 0.656, 0.041, 1.58, 2.06, 1.48, 0.0309, 0.865, 1.97, 0.652, 0.217, 0.987, 1.92, 0.289, 1.04, 2.39, 2, 0.795, 0.956, 2.53, 0.592, 0.116, 2.95, 0.693, 1.82, 1.57, 0.0562, 0.408, 0.181, 1.58, 1.64, 1.53, 1.26, 1.27, 3.86, 0.603, 1.72, 1.55, 1.2, 0.234, 0.975, 1.68, 1.01, 12.4, 18.1, 0.339, 0.0406, 0.33, 0.0767, 0.531, 0.0638, 0.233, 0.235, 0.157, 0.31, 0.79, 1.12, 0.0459, 0.886, 0.0805, 0.0429, 0.258, 0.282, 0.0177, 0.0202, 0.0387, 0.0721, 0.164, 0.243, 0.205, 0.0763, 0.0316, 0.0257, 0.0227, 0.0327, 0.0357, 0.0431, 0.024, 0.00935, 0.025, 0.0109, 0.00359, 0.00282, 0.00034, 0.00294, 0.00528, 0.0125, 0.00533, 0.0012, 0.000588, 0.000706, 0.00024, 0.000256, 0.00541, 0.0105, 0.00488, 0.00234, 0.00106, 5.34e-005, 0.000992, 0.0011, 0.00171, 0.000323, 0.000187, 0.000724, 0.000403, 0.000182, 0.000271, 0.000289, 0.000172, 2.33e-005, 7.64e-005, 4.66e-005, 4.32e-005, 9.68e-005, 0.000138, 6.4e-005, 2.59e-005, 3.44e-005, 5e-005, 2.84e-005, 5.52e-006, 1.61e-006, 2.64e-006, 5.04e-006, 7.38e-006, 9.16e-007, 1.23e-006, 6.88e-007, 4.65e-007, 3.69e-007, 7.59e-007, 2.18e-006, 4.68e-007, 2.25e-007, 5.22e-007, 2.64e-007, 7.35e-007, 8.4e-007, 5.99e-008, 3.49e-007, 1.6e-007, 1.98e-007, 6.3e-007, 2.42e-007, 4.62e-008, 4.84e-008, 9.88e-009, 4.53e-009, 7.53e-009, 5.87e-009, 2.51e-008, 4.87e-009, 5.68e-009, 3.24e-009, 8.99e-009, 2.07e-009, 2.99e-009, 5e-009, 5.76e-009, 8.45e-009, 3.68e-009, 4.7e-010, 1.78e-010, 6.04e-010, 1.98e-010, 3.77e-010, 2.76e-010, 2.35e-011, 8.66e-011, 1.05e-010, 1.15e-010, 5.82e-011, 7.16e-011, 2.46e-011, 2.11e-012, 2.5e-012, 8.89e-013, 8.18e-014, 7.89e-013, 5.61e-013, 5.52e-013, 1.38e-012, 2.75e-014, 3.58e-013, 2.08e-013, 1.23e-013, 1.35e-013, 1.36e-013, 9.64e-014, 1.11e-013, 1.17e-013, 1.1e-013, 1.12e-013, 1.11e-013, 1.1e-013, 1.1e-013, 1.1e-013, 1.09e-013, 1.09e-013
13:44:09, 1.61, 3.04, 4.24, 2.02, 0.122, 1.09, 13.5, 4.34, 1.65, 4.73, 4.3, 1.34, 0.221, 6.17, 23.2, 28.9, 18.7, 5.16, 3.1, 6.95, 10.1, 7.59, 2.03, 0.518, 1.15, 2.28, 3.12, 0.368, 0.478, 3.02, 3.14, 6.16, 8.3, 1.89, 3.31, 9.31, 10.4, 0.0525, 1.49, 0.0603, 0.854, 0.879, 4.49, 2.52, 2.34, 0.0162, 1.03, 1.64, 1.41, 1.11, 1.86, 0.848, 0.00156, 0.24, 0.235, 1.57, 0.445, 0.671, 0.49, 1.7, 1.33, 1.28, 0.251, 0.0703, 0.946, 0.154, 0.0143, 1.4, 1.88, 0.48, 0.917, 1.98, 0.861, 1.62, 2.51, 3.58, 0.449, 0.396, 3.47, 1.84, 2.13, 1.95, 0.421, 0.921, 1.28, 2.23, 0.861, 1.54, 0.779, 1.36, 5.05, 2.39, 1.48, 0.0743, 1.5, 0.501, 0.467, 1.95, 0.75, 11.5, 17.1, 0.411, 0.36, 0.105, 0.12, 0.412, 0.0327, 0.289, 0.491, 0.442, 0.369, 0.398, 0.745, 0.214, 0.773, 0.125, 0.161, 0.385, 0.295, 0.016, 0.0349, 0.0203, 0.0372, 0.0534, 0.0765, 0.0984, 0.0177, 0.0499, 0.013, 0.00641, 0.011, 0.0192, 0.0229, 0.0125, 0.002, 0.022, 0.0327, 0.019, 0.014, 0.00448, 0.00314, 0.00338, 0.0166, 0.00575, 0.00195, 0.00173, 0.00114, 0.000159, 0.00019, 0.00422, 0.0126, 0.00185, 0.00245, 0.00195, 0.000297, 0.000765, 7.7e-005, 0.000959, 0.000565, 8.85e-005, 0.0006, 0.000834, 0.000441, 0.000199, 0.000146, 8.58e-005, 6.9e-005, 7.81e-005, 4.05e-006, 8.29e-006, 4.03e-005, 7.66e-005, 3.63e-005, 1.92e-005, 2.96e-005, 3.06e-005, 2.29e-005, 1.98e-007, 1.36e-006, 2.38e-006, 1.25e-006, 8.15e-006, 3.47e-006, 1.5e-007, 1.01e-007, 1.75e-007, 2.07e-007, 1.97e-006, 1.64e-006, 9.77e-007, 9.92e-008, 4.25e-007, 1.43e-007, 6.02e-007, 5.19e-007, 1.7e-007, 3.98e-007, 1.88e-007, 2.08e-007, 9.03e-007, 3.96e-007, 4.74e-009, 5.9e-008, 5.31e-009, 1.42e-008, 2.04e-008, 2.04e-008, 1.33e-008, 7.33e-010, 8.84e-009, 7.69e-009, 1.21e-008, 1.41e-009, 3e-009, 8.11e-009, 6.12e-009, 6.87e-009, 1.62e-009, 2.97e-010, 4.59e-010, 2.52e-010, 1.09e-011, 1.48e-010, 1.7e-010, 5.41e-011, 5.64e-011, 9.59e-012, 5.29e-011, 9.27e-012, 6.59e-011, 3.07e-011, 1.7e-012, 1.62e-012, 2.23e-012, 6.34e-013, 8.77e-013, 1.01e-012, 2.88e-012, 9.08e-013, 9.25e-013, 2.55e-013, 4.45e-013, 1.54e-013, 3.63e-013, 2.59e-013, 2.35e-013, 2.24e-013, 2.49e-013, 2.4e-013, 2.41e-013, 2.34e-013, 2.35e-013, 2.33e-013, 2.32e-013, 2.32e-013, 2.31e-013
13:44:09, 0.0368, 0.639, 4.87, 5.17, 2.53, 5.97, 23.6, 2.9, 5.1, 8.6, 1.46, 0.976, 0.522, 4.52, 21.1, 28.1, 19, 6.44, 2.03, 3.28, 12, 11.4, 0.832, 1.39, 1.69, 0.424, 3.29, 0.33, 1.4, 3.34, 4.62, 9.41, 11.5, 6.06, 2.04, 4.32, 10.3, 2.14, 2.57, 0.533, 1.55, 2.85, 5.61, 5.99, 2.69, 0.523, 1.87, 3.16, 1.98, 0.331, 1.62, 1.78, 0.33, 0.143, 0.402, 1.78, 0.979, 0.786, 1.54, 1.88, 0.0991, 1.31, 0.7, 0.206, 0.782, 0.0103, 0.261, 1.05, 1.61, 0.352, 0.815, 1.38, 0.0738, 1.66, 3.61, 3.57, 0.966, 1.01, 4.44, 2.85, 1.93, 2.11, 0.554, 1.03, 2.99, 2.46, 0.0752, 0.766, 0.922, 1.45, 6.47, 2.61, 1.46, 0.555, 1.88, 0.485, 0.346, 0.697, 2.06, 15.9, 19.5, 1.67, 0.185, 0.12, 0.214, 0.324, 0.187, 0.27, 0.496, 0.763, 0.205, 0.148, 0.371, 0.637, 0.807, 0.335, 0.236, 0.411, 0.224, 0.0411, 0.0557, 0.0157, 0.0303, 0.00755, 0.0113, 0.05, 0.00927, 0.0544, 0.00581, 0.00172, 0.00254, 0.00309, 0.00517, 0.00746, 0.000911, 0.0095, 0.0559, 0.0466, 0.0244, 0.0149, 0.00791, 0.00762, 0.0183, 0.00291, 0.00308, 0.00248, 0.00162, 0.000896, 0.000455, 0.00466, 0.0135, 0.000786, 0.00183, 0.00192, 0.001, 0.000454, 6.09e-005, 0.00066, 0.000691, 4.79e-006, 0.000424, 0.000934, 0.000561, 6.79e-005, 6.18e-005, 1.8e-005, 6.52e-005, 7.43e-005, 1.15e-005, 3.61e-006, 1.91e-005, 2.04e-005, 1.19e-005, 5.34e-006, 1.53e-005, 5.8e-006, 2.26e-005, 5.05e-006, 6.32e-006, 2.81e-006, 1.1e-006, 7.07e-006, 4.8e-006, 4.96e-007, 4.56e-007, 5.8e-007, 1.1e-006, 2.14e-006, 8.3e-007, 8.73e-007, 5.41e-007, 7.4e-007, 4.2e-007, 4.89e-007, 3.67e-007, 5.52e-008, 5.44e-007, 1.96e-007, 1.82e-007, 1.13e-006, 5.09e-007, 1.57e-008, 6.31e-008, 1.89e-008, 2.82e-008, 5.38e-008, 3.68e-008, 5.17e-009, 5.4e-009, 1.51e-008, 1.56e-008, 8.16e-009, 3.04e-009, 4.71e-009, 8.16e-009, 2.29e-009, 4.09e-009, 1.14e-009, 1.53e-010, 6.66e-010, 1.51e-010, 2.02e-011, 1.33e-011, 9.93e-011, 4.18e-011, 4.45e-011, 2.58e-012, 9.43e-012, 2.13e-011, 6.97e-011, 4.12e-011, 1.01e-011, 5.03e-013, 6.34e-013, 2.69e-012, 1.65e-012, 3.02e-012, 4.66e-012, 4.12e-013, 5.41e-013, 8.25e-013, 1.13e-013, 2.67e-013, 3.87e-013, 2.88e-013, 2.49e-013, 2.7e-013, 2.62e-013, 2.62e-013, 2.49e-013, 2.54e-013, 2.51e-013, 2.47e-013, 2.46e-013, 2.45e-013, 2.44e-013
13:44:10, 0.0201, 0.17, 4.41, 6.94, 6.59, 17.5, 37.9, 13.9, 13.9, 10, 0.12, 0.447, 0.257, 2.79, 13, 13.3, 12.9, 3.66, 0.665, 0.924, 7.91, 11.7, 2.98, 2.63, 2.18, 0.703, 2.82, 1.24, 2.7, 2.94, 2.85, 10, 7.74, 10.1, 1.24, 2.58, 7.55, 6.38, 2.93, 1.47, 2.73, 3.98, 3.7, 7.77, 2.68, 0.556, 2.71, 3.64, 1.36, 0.0723, 1.13, 3.03, 1.38, 0.241, 0.622, 1.86, 0.875, 0.702, 1.81, 1.67, 0.255, 1.25, 0.73, 0.579, 1.21, 0.368, 0.517, 0.483, 0.898, 0.435, 0.912, 1.35, 0.273, 0.77, 2.97, 2.49, 1.05, 1.87, 4.75, 2.19, 0.859, 2.06, 0.204, 1.08, 3.54, 2.18, 0.197, 0.148, 1.11, 3.94, 7.37, 0.795, 1.4, 1.94, 2.2, 0.415, 0.216, 0.359, 1.89, 22.3, 20.8, 2.16, 0.161, 0.0691, 0.239, 0.158, 0.361, 0.15, 0.291, 0.669, 0.277, 0.183, 0.0413, 0.727, 0.609, 0.42, 0.206, 0.255, 0.145, 0.0256, 0.0794, 0.0959, 0.0602, 0.0321, 0.0224, 0.056, 0.0707, 0.0487, 0.0145, 0.00268, 0.00348, 0.000127, 5.96e-005, 0.00713, 0.00341, 0.00528, 0.067, 0.0637, 0.017, 0.0232, 0.0193, 0.0184, 0.0166, 0.000688, 0.00357, 0.00205, 0.000958, 0.00246, 0.00226, 0.00959, 0.0135, 0.00214, 0.00101, 0.00109, 0.00106, 0.000426, 4.31e-005, 0.000906, 0.000661, 2.3e-005, 0.000225, 0.000736, 0.000303, 9.8e-005, 7.06e-005, 1.91e-005, 3.07e-005, 5.45e-005, 4.34e-005, 2.53e-005, 1.57e-005, 6.76e-006, 8e-006, 4.17e-007, 5.85e-006, 1.34e-006, 2.38e-005, 1.75e-005, 1.01e-005, 3.77e-006, 3.07e-006, 4.64e-006, 3.34e-006, 2.37e-006, 1.78e-006, 1.64e-006, 1.63e-006, 1.39e-006, 5.1e-007, 7.15e-007, 1.69e-006, 1.03e-006, 4.4e-007, 3.37e-007, 2.54e-007, 1.09e-007, 5.99e-007, 2.22e-007, 2.55e-007, 1.16e-006, 5.51e-007, 5.54e-008, 5.75e-008, 3.35e-008, 3.24e-008, 8.45e-008, 4.97e-008, 5.95e-010, 8.76e-009, 1.87e-008, 1.63e-008, 2.46e-009, 4.24e-009, 5.69e-009, 5.3e-009, 1.09e-010, 2.59e-009, 8.82e-010, 1.97e-010, 6.39e-010, 9.63e-011, 3.82e-011, 2.5e-011, 8.82e-011, 1.7e-011, 6.31e-011, 1.04e-011, 1.45e-012, 3.9e-011, 8.12e-011, 4.42e-011, 7.66e-012, 2.23e-012, 2.28e-012, 1.55e-012, 2.28e-012, 4.48e-012, 3.02e-012, 3.82e-013, 4.51e-014, 1.03e-013, 5.85e-014, 1.39e-014, 9.2e-015, 5.81e-015, 6.22e-016, 1.36e-015, 9.05e-016, 3.9e-017, 6.35e-016, 1.9e-016, 2.27e-016, 2.15e-016, 1.94e-016, 1.81e-016, 1.72e-016
13:44:10, 1.53, 2.04, 3.89, 4.61, 7.64, 26.9, 41.8, 30.4, 24.4, 10.2, 0.235, 0.0406, 0.0666, 1.59, 5.47, 2.14, 4.88, 1.55, 0.157, 1.03, 2.56, 8.91, 6.3, 2.38, 2.64, 2.36, 2.09, 1.06, 4.2, 3.17, 2.35, 8.28, 1.2, 11.7, 4.23, 0.737, 5.07, 6.08, 3.23, 0.727, 3.71, 3.77, 0.938, 7.03, 2.58, 0.218, 3.21, 2.23, 0.61, 0.182, 0.95, 3.15, 2.92, 0.867, 0.704, 1.38, 0.561, 0.507, 1.02, 1.15, 1.03, 0.967, 0.542, 0.474, 1.96, 1.36, 0.316, 0.124, 0.26, 0.623, 1.13, 1.54, 0.628, 0.177, 1.47, 1.15, 0.42, 2.19, 3.33, 1.37, 0.326, 1.61, 0.218, 0.994, 2.66, 1.43, 0.619, 0.0622, 1.33, 7.43, 6.83, 0.354, 0.938, 2.27, 2.23, 0.377, 0.218, 0.237, 1.78, 25.4, 21, 0.546, 0.697, 0.501, 0.224, 0.16, 0.28, 0.0509, 0.127, 0.333, 0.356, 0.322, 0.0795, 0.682, 0.188, 0.371, 0.0828, 0.209, 0.0636, 0.0189, 0.0655, 0.292, 0.158, 0.0227, 0.0405, 0.0917, 0.103, 0.0465, 0.00913, 0.0122, 0.0103, 0.00258, 0.0017, 0.00713, 0.00509, 0.00885, 0.0624, 0.0592, 0.0025, 0.0215, 0.0286, 0.0198, 0.0114, 0.0037, 0.00352, 0.00109, 0.000335, 0.00279, 0.00514, 0.0144, 0.0127, 0.00173, 0.000663, 0.000281, 0.000493, 0.000695, 0.000169, 0.00108, 0.000755, 6.06e-005, 0.000221, 0.000409, 6.3e-005, 0.000134, 0.000133, 8.64e-005, 7e-006, 3.48e-005, 5.51e-005, 4.32e-005, 2.74e-005, 1.98e-005, 1.97e-005, 1.43e-006, 5.33e-006, 7.08e-006, 2.53e-005, 2.09e-005, 9.71e-006, 3.81e-006, 2.53e-006, 3.63e-006, 9.43e-007, 4.98e-006, 2.5e-006, 2.28e-006, 1.35e-006, 3.81e-007, 9.12e-007, 1.24e-006, 2.33e-006, 9.73e-007, 1.6e-007, 1.22e-007, 1.44e-007, 2.91e-007, 5.64e-007, 2e-007, 2.85e-007, 9.98e-007, 4.78e-007, 3.45e-008, 5.37e-008, 2.65e-008, 2.14e-008, 8.68e-008, 5.34e-008, 5.6e-009, 7.39e-009, 1.32e-008, 1.26e-008, 1.29e-010, 3.35e-009, 3.15e-009, 2.63e-009, 1.39e-009, 1.83e-009, 6.57e-010, 1.94e-010, 6.69e-010, 1.35e-010, 1.13e-010, 1.51e-010, 1.41e-010, 6.08e-011, 4.47e-011, 2.82e-011, 7.57e-012, 3.77e-011, 7.73e-011, 3.06e-011, 1.9e-012, 4.23e-012, 1.83e-012, 1.24e-012, 2.5e-012, 2.98e-012, 2.71e-012, 4.97e-013, 1.05e-013, 2.09e-013, 3.35e-014, 3.18e-013, 8.74e-014, 2.08e-013, 1.43e-013, 1.69e-013, 1.35e-013, 1.52e-013, 1.44e-013, 1.45e-013, 1.42e-013, 1.42e-013, 1.41e-013, 1.4e-013, 1.4e-013
13:44:10, 0.706, 2.08, 0.915, 4.49, 2.97, 33.5, 20, 39.4, 21.3, 10.8, 1.4, 0.477, 0.602, 0.489, 2.06, 0.0156, 1.16, 0.822, 0.176, 2.58, 0.203, 6.99, 6.48, 0.918, 2.41, 2.95, 1.13, 0.132, 4.9, 5.39, 4.29, 5.44, 1.13, 11.7, 8.59, 0.21, 3.74, 2.22, 2.63, 0.0351, 3.8, 3.73, 1.29, 4.45, 2.21, 0.75, 2.75, 0.685, 0.291, 0.061, 0.879, 1.88, 3.29, 2.2, 0.301, 0.985, 0.731, 0.597, 0.244, 0.723, 0.953, 0.651, 0.191, 0.0511, 2.91, 2.79, 0.0696, 0.0337, 0.127, 0.334, 1.03, 1.06, 0.916, 0.399, 0.436, 0.352, 0.00126, 1.55, 1.47, 0.78, 1.15, 1.23, 0.161, 1.26, 1.13, 0.645, 0.417, 0.324, 2.18, 7.8, 5.46, 0.977, 0.528, 1.1, 1.92, 0.324, 0.282, 0.178, 1.79, 25.3, 21.7, 0.344, 1.12, 1.01, 0.716, 0.384, 0.0444, 0.0728, 0.0985, 0.0978, 0.177, 0.402, 0.422, 0.599, 0.0693, 0.243, 0.208, 0.28, 0.175, 0.0707, 0.17, 0.601, 0.281, 0.00245, 0.0632, 0.0761, 0.0845, 0.0381, 0.0012, 0.0225, 0.024, 0.00891, 0.00311, 0.00476, 0.00807, 0.00858, 0.0431, 0.0506, 0.00207, 0.00975, 0.0264, 0.0101, 0.00574, 0.00676, 0.00332, 0.00043, 0.000289, 0.00234, 0.00447, 0.0146, 0.0104, 0.000386, 7.35e-005, 0.000243, 0.000403, 0.000587, 0.00066, 0.00101, 0.000508, 0.000256, 0.000432, 0.000201, 1.37e-006, 6.39e-005, 0.000191, 0.000148, 2.1e-005, 3.16e-005, 2.81e-005, 4.46e-005, 2.78e-005, 4.2e-005, 3.84e-005, 1.25e-005, 5.93e-006, 4.95e-006, 3.01e-005, 1.1e-005, 6.58e-006, 3.5e-006, 1.74e-006, 4.45e-006, 2.23e-006, 6.48e-006, 1.43e-006, 2.01e-006, 1.03e-006, 1.6e-007, 8.83e-007, 1.88e-006, 1.78e-006, 6.25e-007, 5.4e-009, 5.85e-009, 7.73e-008, 2.01e-007, 5.98e-007, 7.16e-008, 1.88e-007, 6.95e-007, 3.54e-007, 1.98e-009, 2.81e-008, 2.32e-008, 1.54e-008, 6.23e-008, 3.78e-008, 1.77e-008, 2.35e-009, 6.47e-009, 7.31e-009, 2.47e-009, 1.55e-009, 7.55e-010, 8.15e-010, 1.96e-009, 1.61e-009, 3.4e-010, 1.34e-010, 7.79e-010, 3.38e-010, 1.84e-010, 2.87e-010, 2.88e-010, 3.91e-011, 3.61e-011, 4.19e-011, 1.08e-011, 3.12e-011, 3.79e-011, 2.17e-011, 7.05e-013, 2.5e-012, 3.21e-015, 2.77e-012, 1.66e-012, 1.87e-012, 1.64e-012, 3.36e-013, 4.93e-013, 4.2e-013, 5.02e-013, 3.27e-013, 2.66e-013, 4.08e-013, 3.57e-013, 2.87e-013, 3.44e-013, 3.24e-013, 3.16e-013, 3.21e-013, 3.14e-013, 3.14e-013, 3.13e-013, 3.11e-013, 3.11e-013
13:44:10, 2.73, 7.93, 2.95, 13.2, 18.3, 44.2, 1.53, 36.3, 6.8, 10.3, 4.64, 1.61, 1.25, 0.598, 2.1, 0.0859, 0.829, 0.086, 1.07, 3.38, 2.24, 7.95, 3.83, 0.113, 1.34, 2.31, 0.2, 0.115, 4.9, 10.1, 2.22, 4.59, 5.38, 8.18, 10.8, 4.17, 2.85, 0.417, 0.818, 0.759, 3.99, 3.79, 2.57, 2.02, 1.28, 1.54, 1.62, 0.389, 0.255, 0.142, 0.322, 0.794, 1.81, 3.34, 0.488, 1.03, 0.973, 0.59, 0.353, 0.888, 0.166, 0.713, 0.0556, 0.41, 4.35, 3.99, 0.473, 0.233, 0.227, 0.252, 0.841, 0.307, 1.66, 0.797, 0.0607, 0.0353, 0.417, 0.838, 0.454, 0.131, 2.02, 1.51, 0.0922, 1.55, 0.23, 0.192, 0.0682, 0.528, 2.55, 5.36, 3.15, 1.01, 0.17, 0.279, 1.05, 0.767, 0.378, 0.277, 1.18, 22.7, 24, 2.07, 0.487, 1.41, 1.43, 0.63, 0.0223, 0.149, 0.0768, 0.0225, 0.0223, 0.339, 0.553, 0.473, 0.124, 0.257, 0.349, 0.334, 0.411, 0.242, 0.407, 0.767, 0.414, 0.0336, 0.0556, 0.0388, 0.0412, 0.0412, 0.00112, 0.0204, 0.0476, 0.0114, 0.00299, 0.00109, 0.0127, 0.000889, 0.0241, 0.0429, 0.0138, 0.000652, 0.0184, 0.00337, 0.00228, 0.00434, 0.00342, 4.12e-005, 0.000645, 0.0013, 0.00134, 0.0104, 0.00975, 6.33e-005, 0.000305, 0.000801, 0.000638, 0.000154, 0.0011, 0.000785, 7.36e-005, 0.000705, 0.000689, 0.00012, 4.78e-006, 2.21e-005, 0.000141, 0.000171, 7.23e-005, 2.9e-005, 6e-006, 3.24e-005, 9.1e-006, 5.41e-005, 5.08e-005, 2.2e-005, 9.07e-006, 5.58e-006, 2.98e-005, 5.51e-006, 3.35e-006, 5.08e-006, 3.15e-006, 4.62e-006, 5.64e-006, 7.05e-006, 3.15e-007, 1.25e-006, 1.45e-006, 4.62e-007, 2.51e-007, 2.01e-006, 6.25e-007, 3.96e-007, 4.55e-008, 3.48e-008, 6.16e-008, 1.09e-007, 6.22e-007, 8.4e-008, 5.37e-008, 3.93e-007, 3.12e-007, 1.01e-008, 1.33e-009, 3.17e-008, 3.94e-008, 2.9e-008, 1.22e-008, 2.53e-008, 2.3e-009, 4.51e-009, 1.63e-009, 6.37e-009, 5.98e-010, 1.61e-010, 4.77e-011, 1.21e-009, 1.04e-009, 1.3e-010, 3.53e-010, 7.24e-010, 4.19e-010, 1.75e-010, 2.96e-010, 3.41e-010, 6.91e-011, 5.39e-011, 4.56e-011, 4.71e-012, 2.23e-011, 1.57e-011, 5.3e-012, 4.51e-012, 2.09e-012, 2.03e-013, 3.42e-012, 1.21e-012, 1.51e-012, 3.55e-013, 5.99e-013, 2.68e-013, 1.12e-013, 4.08e-013, 7.46e-014, 8.91e-014, 1.57e-013, 8.77e-014, 9.59e-014, 7.87e-014, 6.79e-014, 6.66e-014, 5.54e-014, 5.08e-014, 4.7e-014, 4.36e-014, 4.12e-014, 3.98e-014
13:44:10, 0.0402, 10.7, 23.2, 43.8, 76.7, 65.6, 18.3, 21.1, 2.18, 8.23, 9.07, 1.5, 1.78, 3.21, 4.14, 0.456, 1.65, 0.745, 2.31, 3.42, 3.89, 8.97, 3.73, 0.14, 1.59, 1.41, 0.0454, 0.198, 5.99, 13.3, 1.03, 6.15, 5.45, 3.86, 8.47, 8.7, 4.34, 1.24, 0.0767, 1.86, 4.18, 2.31, 2.06, 0.809, 0.41, 1.01, 0.64, 0.883, 0.586, 0.617, 0.00352, 0.289, 0.499, 3.28, 1.78, 0.934, 0.725, 0.22, 0.696, 2.08, 0.868, 1.42, 0.822, 1.65, 5.44, 4.28, 0.863, 0.55, 0.569, 0.829, 0.866, 0.502, 2.08, 1.15, 0.0236, 0.156, 1.24, 0.534, 0.253, 0.309, 1.88, 1.73, 0.901, 1.31, 0.299, 0.133, 0.0457, 0.295, 1.88, 2.38, 1.01, 0.46, 0.00176, 0.0135, 0.518, 0.95, 0.712, 0.0737, 0.651, 18.5, 26, 2.64, 0.204, 0.732, 1.95, 0.819, 0.0974, 0.149, 0.128, 0.0541, 0.103, 0.247, 0.25, 0.539, 0.00764, 0.473, 0.228, 0.282, 0.526, 0.401, 0.44, 0.595, 0.519, 0.0858, 0.0175, 0.0326, 0.0354, 0.0851, 0.00915, 0.0421, 0.0834, 0.0044, 0.00641, 0.00574, 0.0192, 0.00411, 0.00672, 0.0331, 0.022, 0.0031, 0.0131, 0.00374, 0.00121, 0.000577, 0.00404, 0.000581, 0.000953, 0.00037, 0.000408, 0.00839, 0.0107, 0.000989, 0.000999, 0.00169, 0.00109, 0.000107, 0.00094, 0.000534, 8.45e-005, 0.00103, 0.000871, 7.02e-005, 4.64e-006, 9.34e-006, 6.87e-005, 0.000123, 8.18e-005, 4.17e-005, 1.82e-005, 1.37e-005, 1.18e-007, 5.12e-005, 4.68e-005, 1.28e-005, 1.84e-005, 1.76e-005, 1.98e-005, 7.48e-006, 3.23e-006, 5.26e-006, 4.9e-006, 2.53e-006, 5.94e-006, 7.15e-006, 1.34e-006, 3.57e-007, 1.68e-006, 1.45e-006, 6.32e-007, 1.75e-006, 2.81e-008, 1.8e-007, 1.27e-007, 1.54e-007, 1.37e-007, 2.12e-007, 4.73e-007, 3.32e-007, 1.64e-008, 3.23e-007, 2.35e-007, 3.2e-008, 7.32e-009, 4.13e-008, 5.27e-008, 1.16e-008, 2e-009, 1.77e-008, 1.26e-008, 5.83e-009, 1.3e-009, 7.68e-009, 1.46e-009, 1.9e-010, 1.39e-010, 4.37e-010, 3.99e-010, 7.72e-011, 3.96e-010, 7.54e-010, 1.24e-010, 2.17e-010, 5.42e-011, 4.49e-010, 1.33e-010, 5.83e-011, 3.67e-011, 1.34e-011, 9.18e-012, 5.43e-012, 4.57e-012, 1.16e-012, 5.46e-012, 1.76e-012, 5.19e-012, 1.12e-012, 3.66e-013, 1.6e-012, 2.15e-013, 5.81e-013, 1e-013, 4.89e-013, 1.97e-013, 2.68e-013, 2.52e-013, 2.77e-013, 2.24e-013, 2.56e-013, 2.31e-013, 2.39e-013, 2.28e-013, 2.28e-013, 2.26e-013, 2.24e-013, 2.23e-013, 2.22e-013
13:44:10, 1.02, 16.7, 56.6, 91.7, 111, 91.6, 46.5, 6.15, 5.9, 11, 9.17, 1.15, 1.87, 8.62, 6.23, 1.61, 2.34, 2.88, 3.28, 2.01, 2.55, 7.02, 6.6, 1.5, 3.61, 2.07, 0.279, 0.548, 7.62, 11.1, 5.52, 9.32, 3.75, 2.15, 3.56, 7.26, 8.37, 3.86, 1.07, 1.94, 2.98, 0.958, 1.22, 0.616, 0.0821, 0.566, 0.0498, 1.5, 0.859, 0.929, 0.406, 0.16, 0.294, 2.51, 2.55, 0.497, 0.233, 0.156, 0.906, 3.93, 3.29, 2.73, 1.76, 1.93, 5.19, 3.35, 0.559, 0.737, 0.879, 1.32, 0.982, 0.979, 1.66, 1.25, 0.424, 0.827, 2.33, 1.07, 0.532, 1.17, 1.18, 1.18, 1.9, 0.725, 0.525, 0.364, 0.242, 0.0389, 0.926, 0.487, 0.211, 0.156, 0.106, 0.0281, 0.269, 0.695, 0.515, 0.34, 0.142, 15.4, 25.8, 2, 0.111, 0.247, 1.62, 0.916, 0.0771, 0.112, 0.224, 0.188, 0.334, 0.19, 0.14, 0.593, 0.157, 0.744, 0.193, 0.3, 0.354, 0.331, 0.262, 0.247, 0.523, 0.0963, 0.00677, 0.0375, 0.074, 0.14, 0.0664, 0.111, 0.111, 0.0145, 0.0138, 0.019, 0.0258, 0.0184, 0.000454, 0.0281, 0.0196, 0.00829, 0.012, 0.00232, 0.00166, 0.000519, 0.00481, 0.0028, 0.000803, 0.000557, 0.00224, 0.011, 0.0099, 0.00153, 0.00121, 0.00241, 0.0015, 0.000616, 0.000517, 0.000254, 0.00038, 0.000982, 0.00093, 5.01e-005, 4.78e-006, 4.03e-006, 3.44e-005, 5.81e-005, 3.21e-005, 6.69e-005, 4.41e-005, 4.09e-006, 5.69e-006, 5.42e-005, 3.11e-005, 1.76e-006, 3.02e-005, 2.56e-005, 6.66e-006, 8.82e-006, 1.93e-006, 3.49e-006, 3.92e-006, 4.56e-007, 4.17e-006, 4.96e-006, 3.18e-006, 2.3e-007, 2.07e-006, 3.06e-006, 2.28e-006, 1.8e-006, 1.43e-007, 4.52e-008, 1.41e-007, 3.26e-007, 2.75e-007, 1.81e-007, 2.84e-007, 4.2e-007, 2.11e-007, 3.87e-007, 9.18e-008, 4.52e-008, 2.33e-008, 4e-008, 3.62e-008, 8.77e-009, 2.06e-009, 1.02e-008, 1.68e-008, 8.77e-009, 6.1e-009, 6.98e-009, 2.43e-009, 5.83e-010, 3.46e-011, 3.91e-010, 2.91e-011, 1.23e-010, 4.22e-010, 6.74e-010, 3.32e-011, 2.25e-010, 6.16e-011, 4.31e-010, 2.29e-010, 2.58e-011, 3e-011, 3.23e-011, 2.07e-012, 3.12e-012, 2.94e-012, 4.22e-013, 3.21e-012, 4.77e-012, 4.39e-012, 2.28e-012, 3.88e-013, 6.88e-013, 1.17e-013, 3.05e-014, 2.43e-013, 2.69e-014, 5.65e-014, 9.78e-015, 2.73e-014, 3.14e-014, 8.1e-015, 2.07e-014, 1.64e-014, 1.37e-014, 1.39e-014, 1.23e-014, 1.22e-014, 1.16e-014, 1.12e-014, 1.1e-014
13:44:10, 2.14, 20.5, 75.2, 108, 79.2, 81.4, 57.6, 4.14, 10.5, 16.9, 2.85, 3.07, 4.8, 14, 6.05, 1.56, 2.3, 4.57, 3.07, 0.316, 0.735, 3.38, 8.78, 4.28, 3.75, 3.64, 2.02, 3.35, 5.84, 6.18, 8.4, 10.3, 6.06, 3.08, 0.29, 3.56, 9.11, 6.64, 2.91, 1.17, 1.09, 1.47, 1.5, 1.52, 0.125, 0.855, 1.33, 2.43, 0.175, 1.49, 1.48, 0.385, 0.0992, 2.07, 1.74, 0.193, 0.0468, 0.221, 1.46, 5.55, 4.53, 2.88, 2.26, 0.67, 3.87, 2.16, 0.0513, 0.649, 0.541, 1.44, 0.686, 0.823, 0.971, 0.718, 1.11, 1.72, 2.93, 1.79, 1.03, 1.25, 0.69, 0.341, 2.44, 0.218, 0.618, 0.698, 0.298, 0.142, 0.377, 0.019, 0.195, 0.195, 0.16, 0.0358, 0.176, 0.229, 0.269, 0.285, 0.0783, 14.9, 24.6, 1.79, 0.0107, 0.0431, 1.36, 0.657, 0.0262, 0.0449, 0.256, 0.292, 0.474, 0.244, 0.195, 0.564, 0.57, 0.765, 0.518, 0.49, 0.122, 0.178, 0.0991, 0.0765, 0.383, 0.109, 0.0066, 0.036, 0.0839, 0.142, 0.164, 0.151, 0.1, 0.0418, 0.0228, 0.0203, 0.025, 0.0266, 0.013, 0.0293, 0.0105, 0.00731, 0.0111, 0.00107, 0.00225, 0.00322, 0.00559, 0.00372, 0.000914, 0.00066, 0.00405, 0.0138, 0.0071, 0.000758, 0.000911, 0.00198, 0.0016, 0.000803, 0.000292, 6.54e-005, 0.000428, 0.000589, 0.000854, 0.000142, 2.81e-005, 6.56e-006, 3.42e-005, 2.32e-005, 7.01e-006, 5.33e-005, 6.41e-005, 1.68e-005, 2.23e-005, 5.82e-005, 1.71e-005, 4.05e-006, 3.14e-005, 2.74e-005, 2.63e-007, 1.1e-005, 3.26e-007, 3.01e-006, 2.5e-006, 2.61e-006, 3.68e-006, 1.26e-006, 3.99e-006, 1.41e-006, 2.74e-006, 3.74e-006, 3.28e-006, 1.79e-006, 5.05e-007, 9.61e-008, 1.59e-007, 3.47e-007, 3.2e-007, 5.13e-008, 1.16e-007, 2.73e-007, 4.45e-007, 4.51e-007, 2.35e-008, 4.1e-008, 2.64e-008, 2.23e-008, 1.72e-008, 6.63e-009, 2.14e-009, 3.57e-009, 1.35e-008, 6.99e-009, 9.69e-009, 5.68e-009, 1.47e-009, 1.65e-009, 3.05e-010, 4.39e-010, 6.65e-011, 1.86e-010, 5.53e-010, 3.55e-010, 2.12e-010, 3.31e-010, 4.2e-010, 3.26e-010, 1.61e-010, 4.34e-011, 4.77e-011, 6.32e-011, 2.3e-012, 8.56e-012, 6.59e-012, 3.53e-012, 1.83e-012, 3.33e-012, 4.25e-012, 3.12e-012, 4.18e-013, 1.99e-014, 6.58e-013, 1.42e-013, 1.18e-013, 4.89e-014, 3.81e-014, 4.04e-014, 2.28e-014, 1.37e-014, 2.49e-014, 1.08e-014, 9.42e-015, 7.53e-015, 5.86e-015, 3.74e-015, 2.5e-015, 1.39e-015, 6.18e-016, 1.54e-016
13:44:10, 1.58, 19.8, 59.4, 70.6, 25.9, 38.7, 47.6, 12.4, 15, 19.1, 0.474, 5.6, 12.3, 15.7, 2.66, 1.01, 1.31, 4.77, 1.34, 0.168, 0.21, 1.71, 8.23, 4.75, 2.01, 3.86, 4.15, 6.95, 2.84, 2.99, 4.22, 8.25, 7.86, 3.88, 0.615, 1.13, 6, 6.24, 3.7, 0.279, 0.187, 2.39, 2.82, 1.27, 0.87, 2.35, 4.23, 3.24, 0.268, 2.09, 2.56, 0.781, 0.226, 1.64, 0.61, 0.256, 0.053, 0.134, 2.68, 5.12, 3.21, 1.46, 1.88, 0.0561, 2.84, 1.21, 0.0979, 0.407, 0.0445, 1.24, 0.424, 0.594, 0.546, 0.328, 1.27, 1.61, 2.68, 1.44, 1.05, 0.698, 0.307, 0.388, 2.83, 0.811, 0.759, 0.449, 0.46, 0.191, 0.181, 0.0646, 0.227, 0.633, 0.222, 0.0436, 0.039, 0.106, 0.0442, 0.0366, 0.509, 16.7, 24, 1.7, 0.11, 0.204, 1.16, 0.443, 0.000484, 0.0315, 0.288, 0.121, 0.518, 0.294, 0.111, 0.497, 0.595, 0.514, 0.744, 0.637, 0.125, 0.112, 0.0865, 0.0566, 0.217, 0.141, 0.00111, 0.0354, 0.038, 0.0944, 0.185, 0.128, 0.0447, 0.0602, 0.0197, 0.0107, 0.0124, 0.0223, 0.0313, 0.0252, 0.00421, 0.00304, 0.0078, 0.00298, 0.00398, 0.0055, 0.00351, 0.00359, 0.000379, 0.000595, 0.0034, 0.0134, 0.00492, 0.000141, 8.91e-005, 0.00136, 0.000886, 0.000475, 0.000259, 9.2e-005, 0.000233, 0.000142, 0.000681, 0.000269, 5.12e-005, 2.26e-005, 3.02e-005, 1.95e-005, 1.08e-005, 1.88e-005, 5.9e-005, 4.37e-005, 4.68e-005, 4.49e-005, 8.91e-006, 6.44e-006, 2.74e-005, 2.15e-005, 6.52e-006, 1.67e-005, 9.76e-006, 7.51e-006, 6.47e-006, 1.02e-005, 3.86e-006, 5.49e-007, 2.26e-006, 3.23e-006, 2.6e-006, 2.26e-006, 2.79e-006, 1.05e-006, 7.03e-007, 2.43e-007, 1.55e-007, 1.77e-007, 2.72e-007, 5.84e-009, 1.49e-008, 1.44e-007, 2.88e-007, 5.61e-007, 1.16e-007, 2.99e-008, 1.43e-008, 9.47e-009, 8.58e-009, 6.1e-009, 1.89e-009, 1.18e-010, 1.28e-008, 6.46e-010, 1.3e-008, 5.21e-009, 1.27e-009, 2.23e-009, 6.13e-010, 6.78e-010, 2.55e-010, 1.19e-010, 4.66e-010, 1.68e-010, 2.25e-010, 5.9e-010, 7.14e-010, 1.86e-010, 4.28e-011, 1.38e-010, 1.16e-010, 6.88e-011, 1.62e-011, 2.1e-011, 2.22e-011, 1.01e-011, 2.25e-013, 6.92e-013, 2.21e-012, 3.59e-012, 3.43e-013, 7.95e-014, 8.14e-013, 5.1e-014, 3.97e-013, 5.7e-014, 8.09e-014, 2.14e-014, 5.91e-014, 5.18e-014, 6.2e-014, 4.74e-014, 4.96e-014, 4.53e-014, 4.32e-014, 4.28e-014, 4.23e-014, 4.13e-014, 4.07e-014, 4.04e-014
13:44:11, 4.14, 8.86, 24.8, 25.3, 2.71, 10.1, 24.7, 16, 13.7, 17.9, 5.59, 6.6, 14.7, 15.5, 0.384, 0.977, 1.42, 4.11, 0.071, 1.1, 0.46, 1.51, 6.03, 2.48, 0.465, 2.44, 3.91, 7.32, 3.29, 3.19, 0.722, 6.02, 4.94, 3.21, 3.44, 0.0857, 5.18, 1.35, 4.4, 0.234, 0.116, 2.88, 3.62, 0.304, 1.84, 5.02, 5.56, 3.07, 1.42, 2.1, 2.74, 1.04, 0.568, 1.08, 0.213, 0.219, 0.316, 0.47, 3.74, 2.71, 1.22, 0.121, 1.28, 1.21, 1.96, 0.783, 0.162, 0.398, 0.123, 0.62, 0.901, 0.848, 0.441, 0.415, 0.96, 0.552, 1.93, 0.454, 0.512, 0.253, 0.112, 0.804, 2.89, 2.82, 0.925, 0.111, 0.636, 0.0492, 0.136, 0.0713, 0.234, 1.33, 0.673, 0.273, 0.0936, 0.128, 0.0705, 0.0844, 0.736, 18.8, 23.6, 1.59, 0.011, 0.58, 0.975, 0.246, 0.0626, 0.175, 0.312, 0.00743, 0.494, 0.229, 0.0281, 0.338, 0.263, 0.174, 0.556, 0.572, 0.166, 0.111, 0.0767, 0.0247, 0.115, 0.143, 0.0108, 0.0429, 0.00176, 0.047, 0.0952, 0.0932, 0.00562, 0.0558, 0.00612, 0.00299, 0.00323, 0.00811, 0.0381, 0.0127, 0.00389, 0.00391, 0.00312, 0.00315, 0.00717, 0.00525, 0.000907, 0.00284, 0.000113, 0.000354, 0.00123, 0.0108, 0.00535, 0.000212, 9.67e-005, 0.000564, 0.000413, 0.000172, 0.000286, 7.8e-005, 0.000165, 9.22e-005, 0.000374, 0.000273, 8.88e-005, 9.8e-006, 3.24e-005, 1.03e-005, 1.45e-005, 4.85e-007, 4.38e-005, 4.75e-005, 5.36e-005, 2.58e-005, 3.57e-006, 1.84e-006, 2.23e-005, 1.19e-005, 1.08e-005, 2.49e-005, 2.48e-005, 1.62e-005, 1.37e-005, 1.35e-005, 6.81e-006, 2.38e-006, 1.7e-007, 4.09e-006, 1.51e-006, 7.91e-007, 1.58e-006, 1.87e-007, 5.86e-007, 2.59e-007, 9.63e-008, 3.16e-008, 2.34e-007, 5.32e-008, 1.83e-009, 8.07e-008, 3.63e-008, 6.7e-007, 3.45e-007, 2.93e-008, 1.12e-008, 1.58e-008, 1.11e-008, 6.11e-009, 2.88e-009, 4.4e-009, 1.52e-008, 4.25e-009, 1.35e-008, 9.24e-009, 2.9e-009, 1.9e-009, 3.8e-010, 8.09e-010, 5.33e-010, 5.79e-012, 5.22e-010, 9.58e-011, 1.72e-010, 6.25e-010, 6.73e-010, 1.17e-010, 3.36e-011, 1.89e-010, 1.54e-010, 7.42e-011, 1.79e-011, 3.49e-011, 4.29e-011, 1.47e-011, 7.04e-013, 2.15e-012, 2.25e-012, 1.08e-013, 2.63e-012, 8.36e-014, 1.68e-012, 5.51e-013, 9.61e-013, 3.22e-013, 4.39e-013, 5.82e-013, 3.45e-013, 3.84e-013, 3.82e-013, 3.57e-013, 3.19e-013, 3.19e-013, 3.08e-013, 2.98e-013, 2.88e-013, 2.82e-013, 2.78e-013, 2.75e-013
13:44:11, 6.67, 2.53, 11.1, 3.76, 6.57, 1.68, 13.2, 7.72, 5.21, 17.3, 13.6, 3.19, 9.8, 13.5, 2.56, 1.53, 1.92, 3.48, 1.14, 2.82, 1.7, 0.315, 4.88, 0.759, 0.0147, 1.19, 1.38, 4.59, 6.03, 4.3, 1.93, 5.56, 2.85, 2.08, 6.98, 3.83, 6.42, 0.669, 5.19, 1.04, 0.678, 2.74, 2.95, 0.355, 2.59, 7.11, 3.64, 1.82, 2.05, 1.17, 1.89, 1, 0.418, 0.665, 0.23, 0.133, 0.712, 1.81, 3.68, 0.728, 0.131, 0.319, 1.18, 1.63, 1.14, 0.595, 0.0976, 0.703, 0.374, 0.158, 1.71, 1.17, 0.204, 0.642, 0.596, 0.209, 1.25, 0.0169, 0.0579, 0.204, 0.116, 0.561, 2.28, 4.36, 1.52, 0.449, 0.625, 0.00862, 0.0395, 0.194, 0.33, 2.45, 1.48, 0.565, 0.405, 0.311, 0.216, 0.0458, 0.799, 18.7, 24, 1.23, 0.202, 0.849, 0.886, 0.00968, 0.285, 0.324, 0.259, 0.176, 0.453, 0.121, 0.0521, 0.185, 0.0335, 0.00386, 0.258, 0.371, 0.0734, 0.103, 0.0334, 0.00365, 0.0541, 0.12, 0.0357, 0.0378, 0.0177, 0.0235, 0.0217, 0.0816, 0.0238, 0.0337, 0.00411, 0.00191, 0.00237, 0.00208, 0.0372, 0.00498, 0.00505, 0.00428, 0.000904, 0.000915, 0.00871, 0.00512, 0.000999, 0.00229, 0.000138, 0.000237, 0.000157, 0.00907, 0.00622, 0.000407, 0.000223, 0.000152, 0.000379, 0.000388, 0.000326, 6.21e-005, 0.000178, 0.000204, 0.000182, 0.000116, 0.000148, 1.84e-006, 2.65e-005, 5.55e-006, 1.38e-005, 1.42e-005, 4.4e-005, 1.28e-005, 4.31e-005, 1.25e-005, 5.48e-007, 3.23e-006, 1.38e-005, 5.11e-006, 6.25e-006, 2.98e-005, 2.7e-005, 1.78e-005, 1.69e-005, 7.91e-006, 9.28e-006, 6.01e-006, 1.11e-006, 3.96e-006, 7.97e-007, 3.7e-007, 1e-006, 5.54e-008, 2.39e-007, 1.25e-007, 4.75e-008, 3.76e-008, 2.09e-007, 9.68e-008, 1.58e-008, 3.52e-008, 5.34e-008, 8.7e-007, 5.7e-007, 2.87e-008, 1.23e-008, 2.89e-008, 1.99e-008, 2.57e-009, 4.82e-009, 1.35e-008, 1.54e-008, 1.15e-008, 1.2e-008, 1.15e-008, 5.05e-009, 9.1e-010, 1.1e-010, 5.55e-010, 7.59e-010, 1.82e-010, 5.62e-010, 2.07e-010, 1.19e-010, 3.98e-010, 3.7e-010, 1.13e-010, 6.24e-011, 1.55e-010, 1.04e-010, 7.29e-011, 3.41e-012, 4.47e-011, 5.51e-011, 7.14e-012, 2.89e-012, 7.47e-013, 8.24e-013, 1.1e-013, 1.52e-012, 1.12e-012, 5.26e-013, 7.17e-013, 5.19e-013, 7.58e-013, 1.67e-013, 5.68e-013, 2.96e-013, 4.06e-013, 3.31e-013, 3.34e-013, 3.62e-013, 3.27e-013, 3.35e-013, 3.32e-013, 3.27e-013, 3.25e-013, 3.24e-013, 3.23e-013
13:44:11, 16.8, 12.8, 25.5, 20.5, 40.9, 22.4, 29.9, 19.6, 8.07, 24.2, 12.7, 0.47, 4.44, 8.61, 5.31, 2.55, 0.676, 2.93, 3.64, 4.9, 3.6, 1.17, 4.56, 0.658, 0.296, 0.437, 0.119, 1.8, 6.59, 3.34, 3.05, 5.83, 3.1, 2.75, 8.14, 9.77, 8.27, 4.51, 5.8, 2.11, 0.72, 2.1, 1.4, 1.08, 3.66, 5.95, 1.45, 0.465, 1.5, 0.131, 1.2, 0.39, 0.153, 0.263, 0.453, 0.0284, 0.922, 3.6, 2.64, 0.125, 0.0539, 0.758, 1.4, 0.761, 0.386, 0.452, 0.343, 0.872, 0.58, 0.26, 2.22, 1.42, 0.0157, 0.494, 0.326, 0.784, 1.13, 0.105, 0.0166, 0.19, 0.316, 0.12, 1.26, 4.17, 2.22, 0.71, 0.692, 0.179, 0.0593, 0.619, 1.51, 3.84, 1.42, 0.656, 0.698, 0.5, 0.191, 0.0865, 0.422, 16.6, 25.9, 1.61, 0.286, 0.72, 0.963, 0.161, 0.534, 0.311, 0.129, 0.333, 0.389, 0.0664, 0.0918, 0.13, 0.00658, 0.0368, 0.114, 0.138, 0.0291, 0.0748, 0.0453, 0.00646, 0.0626, 0.0881, 0.0188, 0.0394, 0.0344, 0.0175, 0.0223, 0.0773, 0.0462, 0.0147, 0.0088, 0.00508, 0.00744, 0.0131, 0.038, 0.0102, 0.00499, 0.00245, 0.000197, 0.000519, 0.00654, 0.00644, 0.00205, 0.00183, 0.00043, 0.000582, 0.00136, 0.00859, 0.0055, 0.000331, 0.000218, 7.53e-007, 0.000394, 0.000859, 0.000562, 0.000209, 0.000122, 0.000183, 0.000155, 8.89e-005, 0.000215, 3e-005, 8.34e-006, 1.17e-005, 2.78e-005, 6.68e-005, 4.43e-005, 1.21e-006, 1.94e-005, 1.01e-005, 2.51e-007, 5.53e-006, 6.63e-006, 3.2e-006, 5.7e-006, 2.07e-005, 1.82e-005, 7.56e-006, 1.43e-005, 1.24e-006, 8.37e-006, 9.16e-006, 4.99e-006, 3.5e-006, 4.53e-007, 5.43e-007, 9.24e-007, 3.55e-007, 1.16e-008, 5.89e-008, 2.95e-008, 9.2e-008, 1.35e-007, 1.21e-007, 3.56e-008, 1.72e-008, 2.71e-007, 1.23e-006, 7.34e-007, 1.31e-008, 2.28e-008, 2.26e-008, 2.4e-008, 7.08e-009, 1.17e-008, 1.65e-008, 1e-008, 1.17e-008, 6.31e-009, 8.83e-009, 4.46e-009, 8.89e-010, 5.15e-011, 3.75e-010, 8.15e-010, 2.69e-010, 6.54e-010, 2.95e-010, 1.93e-011, 2.59e-010, 8.55e-011, 4.47e-011, 7.35e-011, 7.6e-011, 2.85e-011, 6e-011, 9.37e-012, 6.41e-011, 2.32e-011, 9.79e-012, 8.84e-013, 2.43e-013, 1.69e-012, 6.93e-013, 1.84e-013, 2.02e-012, 8.17e-014, 6.5e-013, 4.78e-013, 5.49e-013, 2.19e-013, 4.8e-013, 2.7e-013, 3.31e-013, 2.61e-013, 3.01e-013, 2.56e-013, 2.87e-013, 2.61e-013, 2.63e-013, 2.59e-013, 2.56e-013, 2.54e-013, 2.53e-013
13:44:11, 3.02, 32.3, 84.2, 118, 126, 100, 84.4, 56.1, 35.1, 32.4, 7.68, 0.272, 3.66, 2.39, 5.85, 3.09, 0.0256, 1.71, 4.31, 5.14, 5.21, 4.01, 3.95, 1.2, 0.641, 0.232, 0.0214, 1.26, 4.26, 1.38, 2.01, 4.2, 3.24, 2.86, 6.39, 10.3, 8.16, 5.92, 5, 2.7, 0.172, 1.46, 0.368, 1.36, 3.8, 3.04, 0.637, 0.0721, 0.737, 0.209, 0.675, 0.215, 0.0571, 0.088, 0.68, 0.108, 1.46, 3.5, 1.9, 0.0711, 0.301, 1.04, 0.985, 0.187, 0.0214, 0.266, 0.354, 0.82, 0.587, 0.678, 2.25, 1.43, 0.307, 0.34, 0.1, 1.16, 1.33, 0.226, 0.0362, 0.194, 0.382, 0.0105, 0.605, 2.65, 2.26, 0.344, 0.716, 0.584, 0.419, 1.36, 3.45, 4.45, 0.819, 0.484, 0.837, 0.206, 0.412, 0.066, 0.0291, 16.2, 29.1, 2.71, 0.0292, 0.413, 1.03, 0.499, 0.541, 0.275, 0.0569, 0.211, 0.299, 0.0782, 0.101, 0.151, 0.029, 0.0707, 0.0479, 0.0428, 0.0524, 0.0646, 0.0895, 0.0369, 0.0898, 0.047, 0.000152, 0.0438, 0.0162, 0.0223, 0.049, 0.0515, 0.0355, 0.00457, 0.0073, 0.0126, 0.0127, 0.0206, 0.0366, 0.0204, 0.0034, 0.00125, 4.07e-006, 0.00115, 0.00341, 0.00663, 0.0015, 0.00115, 0.00153, 0.00128, 0.00275, 0.00688, 0.00443, 3.19e-005, 0.000245, 8.04e-005, 0.00029, 0.000937, 0.000891, 0.000385, 4.33e-005, 0.000115, 0.000189, 0.000203, 0.000306, 7.32e-005, 8.3e-008, 1.18e-005, 4.58e-005, 0.000128, 6.01e-005, 5.36e-006, 7.08e-006, 1.11e-005, 1.1e-007, 6.47e-006, 2.39e-006, 3.78e-006, 9.33e-006, 6.63e-006, 8.15e-006, 2.2e-007, 9.67e-006, 1.92e-006, 6.01e-006, 7.48e-006, 7.7e-006, 2.92e-006, 5.92e-008, 3.4e-007, 8.4e-007, 6.46e-007, 8.41e-008, 1.67e-007, 9.35e-008, 2.48e-008, 1.15e-007, 4.2e-008, 9.73e-008, 8.66e-008, 4.84e-007, 1.34e-006, 8.55e-007, 3.91e-008, 2.25e-008, 9.33e-009, 1.47e-008, 2.13e-008, 2.59e-008, 1.44e-008, 3.77e-009, 9.13e-009, 2.15e-009, 4.38e-009, 2.12e-009, 1.95e-009, 2.96e-010, 8.84e-010, 7.75e-010, 1.23e-010, 6.79e-010, 2.37e-010, 5.76e-011, 1.84e-010, 7.6e-012, 2.94e-011, 4.03e-011, 2.39e-011, 2.08e-012, 3.22e-011, 3.99e-011, 3.86e-011, 1.51e-011, 7.13e-013, 4.46e-012, 1.69e-012, 1.55e-012, 8.72e-013, 1.12e-013, 7.1e-013, 2.44e-014, 1.59e-013, 4.26e-013, 1.09e-013, 5.19e-014, 1.82e-014, 1.79e-014, 1.94e-014, 1.57e-014, 1.24e-014, 1.88e-014, 1.15e-014, 1.53e-014, 1.38e-014, 1.41e-014, 1.39e-014, 1.4e-014, 1.4e-014
13:44:11, 1.32, 62.4, 164, 239, 216, 155, 130, 89.4, 46.7, 31.4, 9.76, 1.05, 6.23, 1.07, 5.67, 3.65, 0.136, 0.854, 2.92, 2.39, 5.45, 4.97, 2.36, 1.36, 1.34, 0.518, 0.0702, 1.21, 2.42, 0.156, 0.492, 2.18, 1.61, 1.24, 3.22, 5.61, 4.73, 3.32, 2.7, 2.08, 0.221, 1.16, 0.488, 1.5, 2.14, 1.01, 0.68, 0.0324, 0.463, 0.726, 0.332, 0.281, 0.173, 0.33, 0.606, 0.596, 1.81, 1.93, 1.15, 0.319, 0.466, 1.03, 0.366, 0.0448, 0.0197, 0.172, 0.0687, 0.638, 0.347, 0.707, 1.8, 0.987, 0.636, 0.449, 0.216, 0.751, 1.34, 0.45, 0.0193, 0.206, 0.367, 0.0623, 0.336, 1.14, 1.39, 0.0739, 0.717, 0.897, 0.6, 2.02, 4.09, 3.26, 0.944, 0.543, 0.579, 0.0194, 0.4, 0.832, 1.27, 22.1, 31.5, 2.94, 0.0198, 0.159, 0.932, 0.467, 0.346, 0.405, 0.17, 0.0266, 0.268, 0.1, 0.0959, 0.253, 0.00866, 0.119, 0.0657, 0.0465, 0.023, 0.0833, 0.0887, 0.0629, 0.109, 0.00735, 0.0186, 0.0569, 0.00597, 0.0261, 0.0545, 0.0182, 0.0176, 0.00395, 0.00527, 0.0113, 0.017, 0.011, 0.0292, 0.0211, 0.00232, 0.00116, 0.00112, 0.00138, 0.00122, 0.00534, 0.000561, 0.000637, 0.00188, 0.00284, 0.00167, 0.0044, 0.00366, 8.3e-005, 0.00015, 0.00034, 4.14e-005, 0.000849, 0.000753, 0.000362, 9.62e-005, 9.83e-005, 0.000141, 0.000243, 0.000339, 0.000128, 9.82e-006, 3.75e-006, 4.95e-005, 0.000164, 8.02e-005, 6.73e-006, 6.06e-006, 1.98e-005, 2.86e-006, 1.25e-005, 3.75e-006, 4.95e-006, 8.14e-006, 2.51e-007, 3.72e-006, 1.4e-006, 5.85e-006, 6.89e-006, 3.71e-006, 2.55e-006, 6.57e-006, 2.36e-006, 3.09e-008, 8.38e-008, 4.26e-007, 7.9e-007, 5.51e-007, 5.04e-007, 2.25e-007, 1.41e-008, 9.12e-008, 1.93e-009, 1.93e-007, 2.78e-007, 3.48e-007, 1.07e-006, 8.5e-007, 9.85e-008, 8.5e-009, 2.9e-009, 6.74e-009, 2.85e-008, 3.17e-008, 1.61e-008, 6.17e-009, 1.09e-008, 5.78e-009, 3.64e-009, 1.68e-009, 1.82e-009, 8.04e-010, 1.43e-009, 1.14e-009, 4.13e-010, 4.77e-010, 1.14e-010, 1.91e-010, 2.06e-010, 7.69e-011, 1.05e-010, 3.32e-011, 6.4e-012, 2.45e-012, 1.37e-011, 3.91e-011, 1.32e-011, 1.59e-011, 4.82e-012, 4.79e-012, 4.13e-012, 2.63e-012, 2.64e-012, 3.32e-013, 5.93e-013, 1.22e-013, 4.31e-013, 1.7e-013, 2.7e-013, 8.79e-014, 2.18e-014, 5.45e-014, 1.48e-014, 3.69e-014, 2.29e-014, 1.51e-014, 1.51e-014, 1.46e-014, 1.13e-014, 1.01e-014, 8.78e-015, 7.98e-015, 7.47e-015
13:44:11, 3.34, 60.9, 174, 264, 203, 118, 110, 84.5, 27.4, 20.2, 13.6, 3.54, 7.08, 5.2, 6.45, 4.26, 0.349, 1.07, 1.18, 0.317, 3.83, 2.47, 1.4, 0.481, 2.46, 0.732, 0.0936, 0.896, 1.4, 0.146, 0.217, 0.725, 0.126, 0.215, 1.34, 1.03, 1.66, 0.69, 0.505, 1.2, 0.985, 0.869, 0.672, 1.76, 1.06, 0.281, 0.506, 0.0235, 0.395, 0.655, 0.223, 0.246, 0.619, 0.508, 0.269, 1.02, 1.35, 0.635, 0.345, 0.5, 0.327, 0.871, 0.0237, 0.167, 0.141, 0.263, 0.118, 0.272, 0.137, 0.386, 1.02, 0.467, 0.336, 0.912, 0.645, 0.108, 1.18, 0.511, 0.0248, 0.231, 0.62, 0.0106, 0.216, 0.339, 0.51, 0.274, 0.743, 0.894, 0.287, 1.94, 3.04, 1.09, 1.63, 0.851, 0.227, 0.0367, 0.411, 1.49, 4.46, 31, 31.4, 2, 0.0146, 0.0408, 0.894, 0.213, 0.172, 0.571, 0.334, 0.0882, 0.32, 0.204, 0.142, 0.631, 0.155, 0.311, 0.116, 0.0454, 0.0124, 0.0923, 0.105, 0.032, 0.174, 0.0206, 0.0618, 0.0748, 0.0233, 0.0211, 0.0336, 0.00699, 0.00895, 0.0123, 0.00353, 0.00565, 0.015, 0.000631, 0.0199, 0.00973, 0.00485, 0.00367, 0.00544, 0.0013, 0.00101, 0.00353, 0.0012, 0.000267, 0.00125, 0.00365, 0.000473, 0.00278, 0.0038, 4.41e-005, 0.000325, 0.000547, 7.44e-005, 0.000789, 0.000279, 0.000211, 0.00019, 7.23e-005, 5.37e-005, 0.000122, 0.000272, 0.000172, 2.68e-005, 1.26e-006, 4.1e-005, 0.000156, 7.86e-005, 4.15e-006, 1.4e-005, 3.87e-005, 1.67e-005, 1.46e-005, 8.35e-006, 4.73e-006, 5.45e-006, 2.17e-006, 3.3e-006, 8.16e-007, 5.43e-006, 6.05e-006, 2.14e-006, 3.98e-007, 3.01e-006, 2.13e-006, 1.3e-007, 1.63e-007, 3.68e-008, 7.55e-007, 9.75e-007, 7.92e-007, 4.36e-007, 1.23e-007, 5.42e-008, 3.73e-008, 2.52e-007, 5.17e-007, 3.34e-008, 8.05e-007, 5.64e-007, 1.22e-007, 8.11e-009, 7.05e-009, 1.53e-008, 1.64e-008, 2.14e-008, 2.3e-008, 9.23e-009, 1.11e-008, 1.55e-008, 7.34e-009, 1.93e-009, 9.02e-010, 7.66e-010, 1.4e-009, 1.63e-009, 1.08e-009, 4.32e-010, 5.5e-011, 1.43e-010, 2.22e-010, 2.51e-010, 1.54e-010, 3.69e-011, 3.81e-012, 1.4e-011, 1.95e-012, 3.3e-011, 4.37e-012, 1.57e-011, 1.57e-011, 5.11e-012, 2.85e-012, 4.27e-012, 3.36e-012, 1.2e-012, 8.75e-013, 3.61e-013, 1.01e-013, 2.84e-013, 7.98e-014, 3.95e-014, 9.72e-015, 1.29e-014, 4.71e-015, 8.23e-016, 1.62e-015, 1.78e-015, 1.08e-015, 8.02e-016, 5.57e-016, 4.01e-016, 3.23e-016, 2.36e-016, 1.91e-016
13:44:11, 8.71, 42.4, 97.7, 170, 105, 37.6, 49.9, 43, 9.93, 9.55, 13.2, 3.99, 4.89, 10.2, 5.39, 3, 2.12, 1.57, 0.228, 0.415, 2, 0.308, 1.05, 0.706, 3.15, 0.951, 0.00876, 0.429, 1.11, 0.122, 0.299, 0.101, 0.322, 0.465, 1.76, 0.243, 1.07, 0.391, 0.137, 0.601, 0.845, 0.695, 0.269, 1.46, 1.31, 0.571, 0.161, 0.22, 0.36, 0.256, 0.586, 0.569, 0.838, 0.498, 0.00811, 1.03, 0.49, 0.132, 0.014, 0.453, 0.00857, 1.05, 0.431, 0.588, 0.58, 0.463, 0.255, 0.0353, 0.112, 0.425, 0.319, 0.183, 0.0936, 1.45, 0.97, 0.12, 0.841, 0.451, 0.0111, 0.337, 1.01, 0.417, 0.185, 0.256, 0.115, 0.308, 0.861, 0.527, 0.0179, 1.16, 1.97, 0.065, 1.86, 0.691, 0.129, 0.0147, 0.575, 1.55, 4.97, 34.3, 31.6, 0.715, 0.405, 0.372, 0.747, 0.139, 0.17, 0.564, 0.284, 0.241, 0.366, 0.386, 0.497, 1.34, 0.822, 0.531, 0.111, 0.0264, 0.0528, 0.144, 0.135, 0.0726, 0.288, 0.124, 0.0778, 0.0607, 0.0575, 0.00718, 0.0219, 0.0129, 0.00405, 0.0186, 0.00596, 0.00736, 0.00739, 0.00198, 0.013, 0.0029, 0.008, 0.0136, 0.0102, 0.00152, 0.000957, 0.00201, 0.0018, 0.000379, 0.00139, 0.00262, 0.00065, 0.00292, 0.00425, 0.00032, 0.000438, 0.000575, 0.000509, 0.000651, 7.17e-005, 6.91e-005, 0.000166, 3.79e-005, 1.18e-005, 2.19e-005, 0.000173, 0.000162, 2.41e-005, 1.64e-005, 2.97e-005, 9.89e-005, 9.46e-005, 2.08e-006, 4.2e-005, 5.56e-005, 2.34e-005, 1.02e-005, 1.04e-005, 2.37e-006, 4.17e-006, 8.76e-006, 2.51e-006, 8.96e-008, 4.43e-006, 2.48e-006, 1.55e-006, 1.35e-006, 5.08e-007, 1.59e-006, 4.53e-007, 3.49e-007, 1.26e-007, 8.27e-007, 6.77e-007, 7.41e-007, 6.2e-007, 2.1e-007, 2.44e-008, 5.16e-008, 3.12e-007, 4.49e-007, 1.33e-007, 7.95e-007, 2.51e-007, 1.1e-007, 4.67e-008, 2.11e-008, 2.03e-008, 6.43e-009, 8.97e-009, 2.45e-008, 5e-009, 7.58e-009, 2.03e-008, 1.33e-008, 1.18e-009, 6.37e-010, 6.44e-011, 1.24e-009, 1.25e-009, 1.34e-009, 7.4e-010, 2.1e-010, 9.99e-012, 1.91e-010, 3.35e-010, 1.36e-010, 3.98e-011, 1.96e-011, 3e-011, 1.71e-011, 1.99e-011, 1.21e-011, 2.11e-011, 3.12e-011, 1.37e-012, 2.36e-012, 3.09e-012, 2.94e-012, 2.91e-012, 6.08e-013, 9.44e-013, 2.13e-014, 1.14e-013, 3.22e-013, 3.27e-014, 8.51e-014, 7.23e-014, 7.52e-014, 5.63e-014, 7.1e-014, 6.33e-014, 6.02e-014, 6.22e-014, 5.94e-014, 5.91e-014, 5.81e-014, 5.77e-014, 5.74e-014
13:44:11, 8.19, 21.6, 24.3, 59.2, 28.3, 1.64, 10, 7.1, 12.7, 9.94, 5.36, 2.81, 1.81, 11.2, 3.85, 1.48, 5.78, 2.1, 0.055, 1.37, 0.869, 0.0972, 0.855, 3.52, 2.82, 0.727, 0.334, 0.143, 1.02, 1.05, 0.657, 0.361, 0.883, 1.19, 3.17, 2.78, 2.18, 0.759, 0.301, 0.46, 0.208, 0.476, 0.0189, 1, 1.27, 1.29, 0.218, 0.516, 0.573, 0.394, 1.44, 1.27, 0.436, 0.403, 0.284, 0.897, 0.0712, 0.0415, 0.0144, 0.34, 0.334, 1.48, 1.54, 1.29, 0.934, 0.526, 0.225, 0.0176, 0.157, 0.797, 0.171, 0.131, 0.287, 1.49, 1.3, 0.446, 0.43, 0.356, 0.0394, 0.674, 1.2, 0.849, 0.573, 0.484, 0.0483, 0.166, 0.678, 0.236, 0.0436, 0.509, 1.48, 0.84, 1.43, 0.287, 0.106, 0.036, 0.569, 1.3, 1.85, 29.3, 33.9, 1.92, 1.01, 0.759, 0.762, 0.0267, 0.357, 0.46, 0.0746, 0.334, 0.197, 0.471, 1, 1.88, 1.56, 0.551, 0.0841, 0.0115, 0.137, 0.17, 0.123, 0.19, 0.362, 0.244, 0.0564, 0.0261, 0.0753, 0.0123, 0.0242, 0.0196, 0.000222, 0.0229, 0.0196, 0.00708, 0.00353, 0.00425, 0.00813, 0.00767, 0.0134, 0.0273, 0.0116, 0.000998, 0.000513, 0.000957, 0.000963, 0.00108, 0.00244, 0.00206, 0.000222, 0.00443, 0.00448, 0.000532, 0.000377, 0.000358, 0.000724, 0.000581, 3.12e-005, 5.86e-005, 9.05e-005, 1.23e-005, 3.66e-005, 3.17e-005, 0.000177, 0.000133, 9.64e-006, 4.79e-005, 1.15e-005, 5.93e-005, 0.000131, 3.1e-005, 5.55e-005, 5.76e-005, 1.41e-005, 5.22e-006, 4.76e-006, 3.44e-006, 5.85e-006, 1.7e-005, 3.27e-006, 3.59e-008, 4.77e-006, 2.84e-006, 2.71e-006, 3.22e-006, 9.88e-008, 1.02e-006, 5.23e-007, 4.99e-007, 7.37e-007, 9.35e-007, 1.21e-007, 4.25e-007, 5.14e-007, 2.28e-007, 8.33e-009, 3.33e-008, 2.81e-007, 2.2e-007, 3.48e-007, 1.06e-006, 3.21e-007, 1.22e-007, 7.6e-008, 3.58e-008, 1.15e-008, 5.83e-009, 1.35e-008, 1.69e-008, 1.04e-009, 2.26e-009, 1.81e-008, 1.45e-008, 2.43e-009, 1.23e-009, 2.19e-010, 6.26e-010, 5.88e-010, 8.62e-010, 1.39e-009, 4.24e-010, 3.03e-011, 1.06e-010, 2.33e-010, 1.31e-010, 2.67e-011, 5.64e-011, 3.7e-011, 4.1e-011, 1.55e-011, 3.85e-012, 4.87e-011, 2.99e-011, 4.79e-012, 2.96e-012, 1.45e-012, 2.28e-012, 2.27e-012, 1.38e-012, 1.64e-013, 2.27e-013, 3.51e-013, 4.24e-013, 1.63e-013, 6.11e-014, 2.1e-013, 1.3e-013, 1.65e-013, 1.19e-013, 1.38e-013, 1.26e-013, 1.23e-013, 1.21e-013, 1.18e-013, 1.16e-013, 1.15e-013, 1.14e-013
13:44:12, 0.518, 7.08, 2.03, 10.8, 8.92, 0.823, 1.15, 0.148, 16.5, 19.5, 0.531, 2.3, 1.66, 7.59, 4.31, 2.16, 7.49, 4.04, 0.694, 1.02, 1, 0.0562, 1.96, 7.54, 3.04, 0.495, 2.1, 0.863, 1.82, 1.78, 1.39, 1.84, 1.56, 0.66, 5.1, 6.6, 3.16, 0.608, 0.323, 0.172, 0.103, 0.354, 0.821, 0.758, 0.545, 1.92, 0.731, 0.892, 0.936, 0.939, 2.07, 1.7, 0.114, 0.226, 0.83, 0.948, 0.0708, 0.0204, 0.00533, 0.332, 1.21, 1.89, 1.7, 1.96, 0.771, 0.311, 0.21, 0.0104, 0.298, 1.18, 0.548, 0.226, 0.172, 1.36, 1.42, 0.299, 0.242, 0.108, 0.406, 1.15, 0.903, 0.659, 1.09, 0.72, 0.13, 0.0632, 0.432, 0.101, 0.0721, 0.193, 1.13, 1.55, 1.01, 0.0796, 0.0282, 0.156, 0.599, 0.284, 0.0784, 22.5, 35, 4.72, 1.07, 1.02, 0.497, 0.157, 0.599, 0.48, 0.0689, 0.227, 0.0275, 0.396, 0.944, 1.64, 1.66, 0.369, 0.0491, 0.0583, 0.199, 0.122, 0.0643, 0.215, 0.313, 0.238, 0.0399, 0.0136, 0.0639, 0.0358, 0.0258, 0.0181, 0.00373, 0.0279, 0.0356, 0.0062, 0.00273, 0.00157, 0.00552, 0.0128, 0.0208, 0.0298, 0.011, 0.000144, 4.86e-005, 0.000365, 0.000102, 0.00174, 0.00336, 0.00137, 0.000194, 0.00568, 0.00491, 8.55e-005, 0.00047, 4.04e-005, 0.000577, 0.000551, 1.92e-005, 0.000112, 0.000104, 1.79e-005, 6.18e-005, 7.44e-005, 0.000249, 0.00017, 3.02e-005, 4.36e-005, 1.34e-005, 6.32e-005, 0.000155, 7.1e-005, 3.01e-005, 4.51e-005, 7.62e-006, 2.81e-006, 4e-007, 5.25e-006, 1.07e-005, 2.29e-005, 7.63e-006, 1.11e-006, 7.04e-006, 8.77e-006, 6.61e-006, 3.6e-006, 9.24e-007, 9.67e-007, 8.46e-008, 5.93e-007, 1.03e-006, 1.04e-006, 4.45e-008, 1.09e-007, 2.6e-007, 1.62e-007, 1.39e-008, 1.75e-008, 1.67e-007, 1.15e-007, 2.62e-007, 1.44e-006, 7.39e-007, 1.41e-007, 3.81e-008, 5.13e-008, 5.85e-009, 8.65e-009, 2.8e-008, 1.45e-008, 2.23e-010, 3.46e-009, 1.09e-008, 8.56e-009, 6.81e-009, 2.83e-009, 7.43e-010, 1.9e-010, 6.66e-010, 9.6e-010, 1.65e-009, 3.75e-010, 2.02e-010, 3.99e-011, 2.05e-010, 1.6e-010, 3.76e-011, 7.43e-011, 1.72e-011, 5.54e-011, 2.24e-011, 1.11e-011, 4.47e-011, 3.19e-011, 7.94e-012, 1.95e-012, 2.04e-012, 8.2e-013, 1.17e-012, 3.56e-013, 7.82e-013, 7.1e-013, 4.71e-014, 2.93e-014, 3.38e-013, 7.11e-014, 1.47e-013, 8.96e-014, 1.03e-013, 1.15e-013, 9.56e-014, 9.71e-014, 9.93e-014, 9.7e-014, 9.64e-014, 9.59e-014, 9.55e-014, 9.52e-014
13:44:12, 3.33, 3.98, 0.835, 2.88, 3.11, 0.688, 0.577, 3.01, 19.7, 25.2, 5.85, 4.58, 2.41, 3.3, 5.56, 2.32, 6.42, 6.69, 1.41, 0.23, 1.72, 0.962, 4.12, 8.93, 5.43, 2.29, 4.15, 2.69, 3.14, 1.24, 1.57, 4.33, 2.61, 0.311, 6.53, 8.05, 2.94, 0.238, 0.15, 0.0407, 0.16, 0.803, 2.13, 0.924, 0.619, 1.71, 1.04, 1.03, 0.97, 0.975, 1.88, 1.44, 0.22, 0.138, 0.784, 1.27, 0.19, 0.00333, 0.00211, 0.274, 1.97, 1.82, 0.683, 2.05, 0.502, 0.145, 0.304, 0.0353, 0.487, 1.41, 0.855, 0.271, 0.00137, 1.18, 1.21, 0.0107, 0.208, 0.0866, 0.83, 1.43, 0.431, 0.296, 1.06, 0.742, 0.225, 0.0693, 0.34, 0.0306, 0.0258, 0.0753, 0.853, 0.86, 0.846, 0.0465, 0.0163, 0.336, 0.241, 0.0213, 0.23, 20.4, 33.3, 3.64, 1.36, 0.64, 0.254, 0.515, 0.701, 0.598, 0.271, 0.0735, 0.00953, 0.301, 0.375, 0.88, 1.05, 0.252, 0.0167, 0.114, 0.159, 0.0913, 0.0311, 0.112, 0.172, 0.134, 0.0365, 0.0232, 0.0359, 0.0409, 0.0187, 0.00999, 0.0157, 0.0217, 0.0391, 0.0143, 0.00594, 0.0012, 0.00353, 0.0115, 0.0175, 0.0206, 0.00915, 0.000173, 6.26e-005, 9.54e-005, 1.86e-005, 0.00151, 0.00369, 0.000463, 0.000993, 0.00734, 0.00481, 0.000128, 0.000378, 7.03e-005, 0.000387, 0.000396, 8.21e-005, 0.000137, 0.000184, 9.05e-005, 4.2e-005, 7.79e-005, 0.000283, 0.000201, 8.2e-005, 1.75e-005, 2.07e-005, 8.46e-005, 0.000122, 7.48e-005, 3.17e-006, 2.77e-005, 1.29e-005, 3.94e-006, 2.83e-006, 5.66e-006, 8.54e-006, 2.82e-005, 1.1e-005, 1.52e-006, 8.76e-006, 1.7e-005, 9.39e-006, 2.32e-006, 1.38e-006, 1.12e-006, 1.6e-007, 4.38e-007, 7.07e-007, 1.2e-006, 2.84e-007, 6.44e-009, 1.19e-007, 5.37e-008, 3.46e-008, 8.99e-009, 9.17e-008, 6.21e-008, 2.32e-007, 1.64e-006, 1.07e-006, 1.04e-007, 7.03e-009, 3.84e-008, 1.78e-008, 1.74e-008, 2.77e-008, 1.79e-008, 4.46e-009, 1.03e-008, 4.3e-009, 2.44e-009, 8.87e-009, 5.08e-009, 1.11e-009, 4.46e-010, 1.63e-009, 2.26e-009, 1.38e-009, 1.19e-010, 3.99e-010, 1.51e-010, 3.19e-010, 2.06e-010, 7.39e-011, 5.52e-011, 3.09e-013, 5.84e-011, 3.1e-011, 2.91e-011, 2.11e-011, 2.23e-011, 8.4e-012, 2.8e-012, 2.46e-012, 3.34e-013, 8.58e-013, 5.05e-014, 1.87e-012, 1.39e-013, 7.17e-013, 5.59e-013, 1.55e-013, 2.77e-013, 2.2e-013, 1.87e-013, 1.96e-013, 1.94e-013, 1.96e-013, 1.96e-013, 1.88e-013, 1.87e-013, 1.86e-013, 1.85e-013, 1.84e-013, 1.84e-013
13:44:12, 1.62, 4.84, 1.62, 3.31, 1.6, 0.357, 1.21, 7.88, 17.2, 21.8, 14.6, 8.01, 1.38, 1.69, 5.06, 0.626, 5.32, 7.17, 1.48, 0.176, 2.61, 3.09, 4.13, 6.77, 6.78, 5.09, 5.25, 2.65, 3.73, 1.21, 1.84, 5.89, 3.43, 1.75, 5.91, 5.69, 1.84, 0.107, 0.033, 0.0726, 0.284, 1.75, 2.53, 1.45, 1.34, 0.945, 0.675, 0.611, 0.697, 0.29, 1.26, 0.695, 0.44, 0.0656, 0.486, 1.65, 0.378, 0.00843, 0.0218, 0.199, 2.21, 1.51, 0.21, 1.54, 0.358, 0.218, 0.594, 0.233, 0.246, 1.55, 0.802, 0.157, 0.214, 0.984, 0.828, 0.14, 0.226, 0.239, 0.905, 1.12, 0.289, 0.219, 0.622, 0.396, 0.31, 0.241, 0.225, 0.0601, 0.0243, 0.129, 0.515, 0.0841, 0.793, 0.194, 0.13, 0.304, 0.102, 0.0889, 0.553, 21.8, 29.8, 1.26, 1.32, 0.474, 0.177, 0.76, 0.444, 0.566, 0.428, 0.0221, 0.0411, 0.281, 0.022, 0.33, 0.362, 0.206, 0.037, 0.107, 0.0531, 0.115, 0.0888, 0.0159, 0.0648, 0.0517, 0.0161, 0.0285, 0.00902, 0.023, 0.00998, 0.00196, 0.0267, 0.0049, 0.0358, 0.0283, 0.00832, 0.00301, 0.00201, 0.00606, 0.00623, 0.00879, 0.00669, 0.000875, 0.000248, 2.27e-006, 0.000178, 0.00109, 0.00281, 0.000927, 0.00209, 0.00903, 0.00407, 0.000331, 0.000374, 0.000284, 0.000169, 0.000231, 9.18e-005, 0.000142, 0.000227, 0.000144, 4.18e-005, 7.27e-005, 0.00025, 0.000119, 0.000117, 9.94e-006, 1.69e-005, 8.89e-005, 4.12e-005, 6.31e-005, 5.77e-006, 1.25e-005, 1.31e-005, 6.66e-006, 9.79e-006, 7.31e-006, 5.2e-006, 2.98e-005, 1.08e-005, 5.31e-007, 8.07e-006, 2.22e-005, 7.53e-006, 1.06e-006, 2.95e-007, 1.83e-006, 1.33e-006, 2.93e-007, 5.27e-007, 1.2e-006, 3.09e-007, 5.94e-008, 1.36e-007, 3.2e-009, 5.49e-008, 3.4e-008, 2.69e-008, 4.19e-008, 3.09e-007, 1.53e-006, 1.02e-006, 5.54e-008, 1.47e-009, 2.28e-008, 2.4e-008, 2.27e-008, 1.71e-008, 1.18e-008, 1.74e-008, 1.6e-008, 1.24e-009, 2.36e-010, 8.03e-009, 5.35e-009, 9.8e-010, 1.25e-009, 2.93e-009, 2.77e-009, 1.33e-009, 1.3e-010, 4.23e-010, 2.81e-010, 4.6e-010, 2.9e-010, 2.14e-011, 9.77e-011, 1.12e-011, 2.83e-011, 3.94e-011, 2.42e-011, 1.43e-011, 2.2e-012, 3.25e-012, 6.52e-012, 4.1e-013, 1.25e-012, 6.53e-013, 9.28e-013, 9.01e-013, 1.74e-012, 3.39e-013, 1.04e-012, 2.39e-013, 6.01e-013, 4.17e-013, 4.17e-013, 4.27e-013, 4.11e-013, 4.11e-013, 3.99e-013, 4.05e-013, 3.98e-013, 3.97e-013, 3.95e-013, 3.93e-013, 3.92e-013
13:44:12, 1.8, 8.02, 4.87, 2.74, 2.57, 1.26, 3.01, 9.25, 8.74, 11.6, 16.7, 7.4, 2.25, 1.87, 2.21, 1.32, 5.63, 4.84, 0.876, 0.772, 3.62, 3.94, 1.98, 2.78, 5.49, 4.19, 5.24, 0.753, 3.59, 3.33, 3.34, 3.81, 3.8, 2.62, 3.47, 2.41, 0.756, 0.215, 0.00376, 0.0631, 0.607, 2.4, 1.77, 1.23, 1.84, 0.324, 0.269, 0.0972, 0.426, 0.0646, 0.819, 0.0803, 0.433, 0.0407, 0.357, 1.62, 0.904, 0.156, 0.117, 0.385, 1.8, 1.22, 0.697, 1.17, 0.0834, 0.528, 0.854, 0.446, 0.00641, 1.55, 1.06, 0.251, 0.845, 0.475, 0.511, 0.402, 0.186, 0.242, 0.625, 0.568, 0.232, 0.315, 0.204, 0.0758, 0.268, 0.394, 0.131, 0.0379, 0.0668, 0.105, 0.227, 0.131, 0.971, 0.563, 0.125, 0.298, 0.077, 0.0444, 1.07, 21.9, 26.5, 1.77, 0.429, 0.645, 0.315, 0.606, 0.117, 0.389, 0.435, 0.0355, 0.0522, 0.207, 0.132, 0.158, 0.045, 0.12, 0.0658, 0.067, 0.000863, 0.157, 0.149, 0.0183, 0.0234, 0.0192, 0.00201, 0.0153, 0.000507, 0.016, 0.000608, 0.00585, 0.0425, 0.00723, 0.0384, 0.024, 0.00944, 0.0028, 0.000413, 0.00217, 0.000307, 0.00209, 0.00305, 0.00219, 0.000251, 2.49e-005, 0.000411, 0.000401, 0.00203, 0.0022, 0.0028, 0.0088, 0.00351, 0.000124, 0.000463, 0.000267, 2.04e-005, 0.000144, 1.47e-005, 9.95e-005, 0.000186, 9.72e-005, 5.81e-005, 0.000152, 0.000202, 1.56e-005, 0.000135, 1.59e-005, 6.17e-006, 8.83e-005, 3.16e-006, 8.07e-005, 2.72e-005, 8.37e-007, 1.07e-005, 3.21e-006, 1.75e-005, 1.31e-005, 1.27e-005, 2.23e-005, 7.68e-006, 1.33e-007, 5.56e-006, 1.97e-005, 7.48e-006, 1e-006, 5.19e-007, 3.07e-006, 2.56e-006, 5.96e-007, 5.38e-007, 8.77e-007, 1.83e-007, 1.39e-007, 2.76e-007, 8.05e-008, 5.98e-008, 6.65e-008, 5.59e-009, 4.65e-008, 1.74e-007, 1.27e-006, 7.27e-007, 2.77e-008, 8.76e-009, 1.08e-008, 1.37e-008, 1.76e-008, 6.82e-009, 2.43e-009, 2.82e-008, 2.11e-008, 1.67e-009, 7.3e-010, 6.66e-009, 3.97e-009, 2.29e-010, 2.07e-009, 3.34e-009, 1.46e-009, 1.37e-009, 6.92e-010, 3.76e-010, 1.21e-010, 7.04e-010, 3.18e-010, 2.92e-011, 1.35e-010, 5.46e-011, 1.3e-012, 5.38e-011, 4.41e-012, 7.31e-012, 3.72e-013, 1.63e-013, 1.69e-012, 7.76e-013, 5.39e-013, 1.61e-013, 4.57e-013, 1.95e-013, 3.33e-013, 6.14e-013, 8.65e-014, 7.98e-014, 3.84e-014, 1.41e-014, 2.29e-014, 1.9e-014, 1.98e-014, 1.89e-014, 2e-014, 1.91e-014, 1.89e-014, 1.88e-014, 1.88e-014, 1.86e-014, 1.86e-014
13:44:12, 1.3, 9.35, 8.43, 0.329, 4.99, 2.78, 2.15, 7.73, 1.87, 3.39, 12.1, 2.42, 4.65, 3.03, 0.608, 5.01, 5.83, 2.1, 0.268, 0.873, 4.05, 3.13, 0.347, 0.131, 4.14, 0.444, 4.87, 0.61, 2.89, 6.14, 4.11, 0.873, 3.06, 1.28, 1.53, 0.756, 0.146, 0.219, 0.00525, 0.0509, 0.823, 2.2, 0.79, 0.426, 1.59, 0.391, 0.157, 0.0317, 0.234, 0.819, 0.909, 0.116, 0.15, 0.151, 0.199, 1.28, 1.4, 0.461, 0.32, 0.781, 0.875, 0.94, 0.721, 0.987, 0.207, 0.811, 0.877, 0.305, 0.148, 1.62, 1.74, 0.879, 1.18, 0.118, 0.286, 0.354, 0.127, 0.0606, 0.284, 0.206, 0.0399, 0.321, 0.0274, 0.0146, 0.191, 0.285, 0.123, 0.0304, 0.0769, 0.0402, 0.0473, 0.538, 1.58, 1.07, 0.0168, 0.243, 0.276, 0.146, 0.704, 20.5, 24.4, 1.78, 0.351, 0.397, 0.317, 0.3, 0.0958, 0.299, 0.325, 0.0506, 0.0529, 0.0988, 0.33, 0.113, 0.0178, 0.0528, 0.0173, 0.0604, 0.0214, 0.151, 0.186, 0.0339, 0.0074, 0.0153, 0.00508, 0.00269, 0.015, 0.0236, 0.00606, 0.0267, 0.0598, 0.0452, 0.0361, 0.00871, 0.0064, 0.00154, 2.87e-005, 0.000701, 0.000715, 0.000675, 0.00138, 0.00255, 0.000275, 3.21e-005, 0.000524, 0.000474, 0.00231, 0.00421, 0.00103, 0.00805, 0.0039, 0.000192, 0.000164, 0.000272, 3.4e-005, 8.74e-005, 1.38e-005, 2.83e-005, 0.000119, 3.8e-005, 6.95e-005, 0.000257, 0.000177, 3.46e-005, 0.000118, 4.44e-005, 1.08e-005, 9.33e-005, 7.11e-005, 0.000122, 4.92e-005, 5.53e-006, 1.06e-005, 1.88e-006, 2e-005, 1.76e-005, 1.91e-005, 1.21e-005, 3.17e-006, 2.04e-006, 1.78e-006, 1.34e-005, 1.16e-005, 3.17e-006, 3.1e-006, 3.84e-006, 2.54e-006, 9.03e-007, 3.22e-007, 4.69e-007, 2.94e-007, 2.8e-007, 5.98e-007, 1.82e-007, 1.66e-008, 1.03e-007, 4e-008, 4.8e-008, 7.15e-008, 9.23e-007, 4.65e-007, 1.01e-008, 4.23e-009, 6.37e-009, 2.32e-009, 7.83e-009, 1.46e-009, 2.11e-009, 3.05e-008, 2.21e-008, 2.81e-009, 1.76e-009, 5.68e-009, 2.22e-009, 5.14e-011, 1.86e-009, 2.85e-009, 1.26e-010, 1.11e-009, 1.05e-009, 3.18e-010, 6.64e-011, 7.78e-010, 3.87e-010, 8.73e-011, 1.19e-010, 1.14e-010, 2.74e-011, 5.65e-011, 1.59e-011, 5.86e-012, 1.64e-012, 2.48e-012, 8.71e-013, 4.86e-013, 9.82e-013, 1.76e-013, 5.02e-013, 2.88e-013, 1.27e-013, 5.87e-014, 4.72e-013, 1.93e-013, 1.26e-013, 1.25e-013, 1.45e-013, 1.19e-013, 1.29e-013, 1.3e-013, 1.27e-013, 1.23e-013, 1.24e-013, 1.22e-013, 1.21e-013, 1.21e-013, 1.2e-013
13:44:12, 0.584, 9, 13.6, 2.01, 7.88, 3.32, 0.424, 5.96, 0.433, 0.862, 7.78, 0.35, 4.46, 6.9, 4.39, 7.71, 3.25, 1.16, 0.0995, 0.581, 2.97, 2.44, 0.888, 1.14, 5.2, 1.96, 4.84, 0.814, 3.04, 6.12, 2.78, 0.0769, 1.88, 0.575, 0.754, 0.653, 0.0423, 0.117, 0.115, 0.000137, 0.963, 1.35, 0.258, 0.177, 1.11, 0.466, 0.248, 0.0373, 0.252, 1.83, 1.61, 0.39, 0.00937, 0.208, 0.0115, 1.05, 1.27, 0.549, 0.437, 0.904, 0.22, 0.601, 0.133, 0.921, 0.856, 0.875, 0.52, 0.0921, 0.379, 1.79, 1.66, 1.34, 1.21, 0.104, 0.132, 0.247, 0.0277, 0.017, 0.139, 0.0258, 0.0343, 0.293, 0.202, 0.153, 0.325, 0.0231, 0.239, 0.156, 0.0412, 0.0324, 0.0556, 0.731, 1.95, 1.53, 0.142, 0.245, 0.212, 0.422, 0.222, 19.2, 22.8, 0.666, 0.256, 0.224, 0.0325, 0.151, 0.119, 0.366, 0.27, 0.0198, 0.0782, 0.0618, 0.427, 0.138, 0.0128, 0.0494, 0.0317, 0.0517, 0.0208, 0.132, 0.18, 0.0271, 0.00255, 0.0114, 0.00793, 0.00213, 0.0294, 0.0483, 0.0275, 0.0342, 0.0641, 0.0743, 0.0276, 0.000624, 0.00105, 0.00233, 9e-005, 0.00118, 0.00201, 0.000829, 0.00225, 0.00224, 0.000122, 5.94e-005, 0.000634, 0.0019, 0.00424, 0.00499, 0.00012, 0.00765, 0.00537, 0.000546, 1.58e-005, 0.000364, 0.000124, 2.11e-005, 0.000115, 4.64e-005, 0.000155, 6e-005, 6.16e-005, 0.000241, 0.000196, 5.58e-005, 9.1e-005, 7.35e-005, 3.75e-005, 7.83e-005, 0.000143, 0.000168, 5.77e-005, 1.46e-005, 1.38e-005, 9.58e-006, 1.46e-005, 1.21e-005, 1.47e-005, 5.74e-006, 4.04e-007, 2.65e-006, 6.55e-008, 8.49e-006, 1.24e-005, 5.61e-006, 4.85e-006, 3.15e-006, 1.52e-006, 5.47e-007, 1.53e-007, 1.87e-007, 6.83e-007, 5.97e-007, 7.64e-007, 3.33e-007, 2.22e-008, 1.42e-007, 8.23e-008, 3.5e-008, 1.2e-007, 6.46e-007, 2.67e-007, 1.04e-008, 2.92e-010, 2.87e-009, 1.4e-009, 3.67e-009, 4.03e-011, 7.66e-009, 2.99e-008, 1.5e-008, 2.82e-009, 3.13e-009, 2.97e-009, 1.51e-009, 2.19e-010, 1.36e-009, 2.02e-009, 1.23e-010, 6.48e-010, 6.79e-010, 3.1e-010, 2.29e-010, 5.64e-010, 4.66e-010, 4.46e-011, 1.01e-010, 1.31e-010, 7.63e-011, 5.07e-011, 2.81e-011, 9.42e-012, 8.34e-012, 1.76e-012, 1.13e-012, 6.11e-014, 1.07e-012, 8e-013, 2.66e-013, 8.21e-014, 1.37e-013, 5.87e-013, 9.95e-015, 8.86e-014, 1.25e-013, 1.24e-013, 1.08e-013, 1.01e-013, 1.16e-013, 1.04e-013, 1.02e-013, 1.02e-013, 1.02e-013, 9.93e-014, 9.91e-014, 9.85e-014, 9.82e-014
13:44:12, 1.36, 6.24, 18.7, 13.3, 9.24, 1.3, 1.15, 7.39, 1.91, 2.32, 6.56, 1.58, 1.92, 11.9, 16.1, 8.53, 0.838, 2.48, 0.471, 1.31, 0.916, 1.94, 2.51, 3.68, 8.08, 9.15, 6.2, 0.0625, 4.2, 3.39, 1.09, 0.876, 1.29, 0.818, 0.563, 1.31, 0.316, 0.44, 0.535, 0.158, 0.865, 0.689, 0.045, 0.448, 0.845, 0.0828, 0.495, 0.186, 0.569, 2.39, 2.28, 0.496, 0.00935, 0.164, 0.191, 1.2, 0.529, 0.45, 0.178, 0.791, 0.296, 0.491, 0.173, 0.907, 1.12, 0.605, 0.182, 0.0261, 0.339, 1.72, 0.897, 0.834, 1.28, 0.179, 0.108, 0.318, 0.0876, 0.219, 0.138, 0.0303, 0.0791, 0.312, 0.608, 0.621, 0.562, 0.0722, 0.341, 0.308, 0.0998, 0.0753, 0.211, 0.541, 1.49, 1.66, 0.592, 0.161, 0.165, 0.3, 0.656, 18.2, 22.9, 0.934, 0.0591, 0.142, 0.00898, 0.0794, 0.0232, 0.413, 0.296, 0.0734, 0.137, 0.164, 0.381, 0.197, 0.00399, 0.106, 0.117, 0.0399, 0.00701, 0.0855, 0.12, 0.0364, 0.00205, 0.00808, 0.0118, 0.00379, 0.0345, 0.0696, 0.0426, 0.0196, 0.045, 0.0609, 0.0213, 0.000894, 0.000373, 0.00343, 0.00165, 0.00315, 0.00273, 0.000306, 0.00382, 0.00339, 0.000309, 0.000613, 0.00159, 0.00333, 0.0048, 0.00429, 0.00201, 0.00672, 0.00625, 0.000652, 0.00016, 0.000607, 0.000211, 1.84e-005, 0.000173, 0.000241, 0.00036, 0.00016, 1.41e-005, 0.000188, 0.000172, 1.95e-005, 5.55e-005, 7.47e-005, 6.69e-005, 2.82e-005, 0.000145, 0.000173, 3.81e-005, 1.73e-005, 1.47e-005, 1.12e-005, 9.53e-006, 2.24e-006, 6.16e-006, 3.32e-006, 8.32e-007, 1.43e-006, 6.36e-007, 5.24e-006, 8.81e-006, 3.63e-006, 4.92e-006, 1.25e-006, 7.17e-007, 9.48e-008, 1.18e-007, 2.35e-007, 1.06e-006, 8.11e-007, 3.99e-007, 6.52e-007, 2.37e-007, 1.25e-007, 5.71e-008, 5.77e-008, 8.55e-008, 5.33e-007, 1.24e-007, 1.1e-008, 2.05e-010, 2.22e-009, 4.94e-009, 1.52e-009, 9.48e-010, 1.15e-008, 2.37e-008, 7.9e-009, 7.88e-010, 3.24e-009, 9.43e-010, 1.11e-009, 2.48e-010, 1.79e-009, 1.4e-009, 3.43e-010, 3.64e-010, 1.84e-010, 2.02e-010, 2.42e-010, 2.98e-010, 4.12e-010, 4.18e-012, 5.84e-011, 1.07e-010, 8.23e-011, 2.98e-011, 2.39e-011, 1.15e-011, 7.61e-012, 5.54e-012, 4.7e-014, 9.48e-013, 2.8e-012, 1.14e-012, 1.43e-013, 2.04e-013, 2.82e-014, 2.75e-013, 1.12e-013, 2.02e-014, 4.55e-014, 1.16e-014, 2.49e-014, 2.22e-014, 1.5e-014, 1.32e-014, 1.27e-014, 1.1e-014, 9.77e-015, 8.75e-015, 7.91e-015, 7.39e-015, 7.06e-015
13:44:12, 5.45, 2.05, 19.4, 26.8, 8.18, 0.0273, 3.96, 10.5, 5.76, 4.3, 4.7, 3.56, 0.402, 14.8, 26.1, 11.7, 2.87, 5.39, 2.28, 1.04, 0.326, 0.776, 4.55, 3.04, 9.74, 15.3, 6.26, 0.997, 4.41, 2.27, 0.598, 0.814, 1.01, 1.08, 0.216, 2.42, 1.56, 1.1, 0.927, 0.767, 0.38, 0.484, 0.0678, 0.477, 0.597, 0.106, 0.742, 0.686, 0.966, 1.87, 2.13, 0.578, 0.0053, 0.181, 0.729, 1.32, 0.233, 0.3, 0.0676, 0.812, 0.805, 0.38, 0.52, 1.11, 0.629, 0.253, 0.0907, 0.0479, 0.415, 1, 0.455, 0.412, 0.97, 0.331, 0.246, 0.603, 0.326, 0.311, 0.258, 0.124, 0.0125, 0.375, 0.728, 1.11, 0.95, 0.237, 0.274, 0.478, 0.0672, 0.167, 0.447, 0.108, 0.799, 1.15, 0.773, 0.17, 0.175, 0.42, 0.433, 17.5, 24.9, 2.18, 0.153, 0.143, 0.0523, 0.0387, 0.0432, 0.422, 0.252, 0.147, 0.247, 0.238, 0.217, 0.197, 0.0643, 0.189, 0.203, 0.028, 0.00487, 0.0547, 0.0289, 0.0862, 0.0176, 0.0267, 0.0153, 0.00172, 0.0333, 0.0625, 0.0337, 0.00316, 0.0179, 0.0324, 0.0109, 0.00622, 0.00546, 0.00729, 0.00237, 0.0041, 0.00473, 0.000264, 0.005, 0.00583, 0.0021, 0.0017, 0.00238, 0.0035, 0.00223, 0.00365, 0.00214, 0.00499, 0.00607, 0.000327, 0.000449, 0.0011, 0.000338, 4.1e-005, 0.000122, 0.00054, 0.000629, 0.000216, 3.35e-006, 0.000153, 0.000126, 1.07e-006, 1.59e-005, 4.72e-005, 5.5e-005, 1.86e-006, 0.000119, 0.000122, 1.42e-005, 5.05e-006, 1.72e-005, 1.72e-006, 1.05e-005, 3.09e-006, 1.42e-006, 2.41e-006, 2.18e-006, 7.32e-007, 9.71e-007, 2.72e-006, 4.54e-006, 2.53e-007, 4.57e-006, 6.02e-007, 2.78e-007, 1.33e-007, 1.55e-007, 3.35e-007, 9.64e-007, 9.27e-007, 9.26e-008, 1.05e-006, 5.07e-007, 7.66e-008, 1.63e-008, 1.25e-007, 6.48e-008, 5.92e-007, 6.76e-008, 1.93e-008, 1.55e-009, 2.64e-009, 1.27e-008, 1.19e-009, 3.7e-009, 1.16e-008, 1.25e-008, 4.47e-009, 2.24e-010, 1.22e-009, 1.19e-009, 1.32e-009, 1.58e-009, 2.66e-009, 1.06e-009, 2.46e-010, 2.69e-010, 8.42e-011, 9.34e-012, 1.74e-010, 7.9e-011, 4.45e-010, 6.82e-011, 3.45e-012, 6.43e-011, 5.7e-011, 6.92e-012, 1.61e-011, 1.88e-012, 1.09e-011, 3.79e-012, 1.95e-012, 2.01e-012, 4.52e-012, 1.83e-012, 3.48e-013, 5.77e-014, 4.54e-013, 1.87e-013, 2.85e-013, 6.6e-014, 1.26e-013, 5.15e-014, 1.12e-013, 6.02e-014, 8.49e-014, 7.31e-014, 7.05e-014, 6.62e-014, 6.58e-014, 6.38e-014, 6.25e-014, 6.17e-014, 6.11e-014
13:44:13, 1.73, 0.741, 20.9, 31.9, 3.77, 2.29, 9.49, 6.29, 12.3, 7.69, 1.23, 7.43, 3.12, 12.6, 22.6, 15.9, 6.99, 5.86, 5, 1.25, 0.619, 2.03, 6.42, 0.343, 9.16, 15, 4.28, 1.76, 4.33, 2.91, 1.34, 0.609, 1.01, 1.39, 0.524, 3.36, 3.49, 1.17, 0.807, 1.58, 0.191, 0.584, 0.551, 0.195, 0.335, 0.522, 0.957, 1.09, 0.886, 0.705, 1.41, 0.482, 0.0556, 0.38, 1.05, 0.954, 0.5, 0.298, 0.32, 1.08, 1.08, 0.107, 0.65, 0.923, 0.308, 0.0571, 0.253, 0.218, 0.626, 0.172, 0.753, 0.672, 0.254, 0.56, 0.63, 0.687, 0.447, 0.269, 0.211, 0.354, 0.0895, 0.485, 0.359, 1.07, 1.24, 0.392, 0.151, 0.823, 0.0588, 0.431, 0.682, 0.0648, 0.233, 0.629, 0.265, 0.452, 0.316, 0.327, 0.0233, 18.5, 27.5, 2.16, 0.186, 0.463, 0.0568, 0.0739, 0.214, 0.395, 0.131, 0.105, 0.35, 0.148, 0.0885, 0.113, 0.129, 0.222, 0.21, 0.0526, 0.00647, 0.0577, 0.0104, 0.155, 0.0851, 0.0484, 0.0181, 0.00328, 0.0238, 0.0348, 0.0141, 0.000907, 0.00446, 0.0125, 0.00185, 0.0107, 0.0189, 0.0159, 0.000569, 0.00624, 0.00736, 0.00189, 0.00346, 0.00822, 0.00436, 0.00166, 0.0021, 0.00232, 0.000219, 0.00228, 0.000658, 0.00282, 0.00538, 0.000508, 0.000797, 0.00145, 0.000496, 4.83e-005, 7.2e-005, 0.000683, 0.000751, 0.000166, 3.03e-005, 0.000136, 9.48e-005, 1.67e-005, 1.44e-007, 2.2e-005, 1.7e-005, 2.03e-005, 0.000111, 7.73e-005, 1.78e-006, 2.89e-006, 2.06e-005, 4.23e-006, 1.78e-005, 9.95e-006, 2.8e-006, 2.81e-006, 1.35e-006, 6.82e-007, 1.87e-007, 1.22e-006, 1.76e-006, 2.27e-006, 5.2e-006, 1.69e-006, 6.16e-008, 2.83e-007, 5.15e-007, 7.32e-008, 8.48e-007, 8.72e-007, 4.31e-007, 1.41e-006, 5.05e-007, 4.09e-008, 4.89e-008, 1.89e-007, 2.88e-007, 7.33e-007, 1.94e-007, 4.89e-008, 1.44e-008, 1.71e-008, 2.51e-008, 6.66e-009, 6.46e-009, 6.23e-009, 3.7e-009, 3.13e-009, 8.58e-010, 7.96e-011, 2.66e-009, 3e-009, 2.41e-009, 2.72e-009, 1.69e-009, 7.3e-010, 5.13e-010, 1.18e-010, 8.42e-011, 1.47e-010, 1.32e-010, 4.76e-010, 1.58e-010, 1.7e-011, 5.16e-011, 2.3e-011, 7.88e-012, 9.17e-012, 4.63e-013, 3.71e-012, 7.83e-012, 1.06e-012, 3.93e-012, 3.68e-012, 2.63e-012, 1.45e-013, 2.2e-013, 8.58e-013, 1.1e-014, 3.4e-013, 1.57e-013, 1.4e-013, 1.87e-013, 1.3e-013, 1.09e-013, 1.35e-013, 1.15e-013, 1.11e-013, 1.06e-013, 1.01e-013, 9.9e-014, 9.66e-014, 9.49e-014, 9.39e-014
13:44:13, 3.22, 2.39, 28.2, 44.9, 1.14, 17.2, 21.1, 0.0657, 20.2, 14.2, 5.15, 13.9, 8.35, 4.46, 13.5, 11.8, 8.26, 3.22, 5.17, 4.04, 2.63, 6.22, 7.57, 0.873, 5.94, 10.2, 2.07, 0.932, 3.45, 2.78, 2.06, 1.49, 1.92, 1.47, 0.936, 3.48, 4.17, 1.07, 0.522, 2.12, 0.668, 0.895, 1.09, 0.0515, 0.209, 0.535, 1.09, 0.73, 0.486, 0.0217, 0.967, 0.0749, 0.327, 0.837, 0.801, 0.374, 0.746, 0.276, 0.297, 1.24, 1.38, 0.0928, 0.522, 0.406, 0.366, 0.0419, 0.295, 0.774, 0.709, 0.0966, 1.1, 0.952, 0.022, 0.619, 0.885, 0.426, 0.276, 0.183, 0.0375, 0.637, 0.705, 0.705, 0.0517, 0.66, 0.878, 0.847, 0.511, 1.14, 0.442, 0.801, 0.753, 0.417, 0.134, 0.573, 0.124, 0.947, 0.622, 0.114, 1.1, 22.4, 29.5, 1.59, 0.573, 0.584, 0.238, 0.176, 0.274, 0.293, 0.0555, 0.0455, 0.298, 0.132, 0.0766, 0.022, 0.147, 0.139, 0.146, 0.0859, 0.0339, 0.0656, 0.0605, 0.226, 0.212, 0.0276, 0.026, 0.03, 0.00255, 0.024, 0.00104, 0.0076, 1.73e-005, 0.0056, 0.00141, 0.00986, 0.0402, 0.0238, 0.0022, 0.00699, 0.0107, 0.00262, 0.00153, 0.00816, 0.00479, 0.000638, 0.000745, 0.00156, 0.000644, 0.000764, 0.000316, 0.00227, 0.0042, 0.000808, 0.00102, 0.00151, 0.00033, 9.73e-005, 0.00015, 0.000522, 0.000579, 0.000138, 3.03e-005, 0.000136, 4.46e-005, 3.1e-005, 1.34e-005, 1.36e-005, 2.75e-006, 3.17e-005, 9.84e-005, 7.73e-005, 6.82e-006, 1.86e-005, 2e-005, 1.96e-005, 2.59e-005, 1.26e-005, 4.29e-006, 4.64e-006, 7.39e-007, 7.59e-007, 8.81e-007, 1.3e-006, 1.98e-006, 6.92e-006, 6.42e-006, 2.52e-006, 3.05e-007, 7.29e-007, 1.39e-006, 2.36e-007, 7.41e-007, 4.86e-007, 1.07e-006, 1.43e-006, 3.81e-007, 7.1e-009, 1.22e-007, 2.5e-007, 4.34e-007, 8.02e-007, 4.12e-007, 8.92e-008, 3.39e-008, 3.16e-008, 3.92e-008, 1.67e-008, 3.22e-009, 2.9e-009, 1.67e-010, 1.33e-009, 1.03e-009, 7.06e-010, 5.46e-009, 4.75e-009, 1.11e-009, 1.81e-009, 2.26e-009, 2.12e-009, 1.05e-009, 1.6e-010, 1.58e-010, 1.89e-010, 2.36e-010, 3.77e-010, 2.04e-010, 8.23e-011, 2.26e-011, 9.31e-012, 2.28e-011, 1.24e-011, 1.46e-012, 5.24e-013, 6.28e-012, 6.44e-013, 9.46e-013, 7.18e-012, 9.91e-013, 5.31e-014, 2.22e-013, 4.16e-013, 1.66e-013, 4.68e-015, 6.97e-014, 1.47e-014, 5.07e-014, 1.78e-014, 1.33e-014, 2.7e-014, 1.61e-014, 1.69e-014, 1.63e-014, 1.55e-014, 1.46e-014, 1.4e-014, 1.36e-014, 1.34e-014
13:44:13, 0.0547, 5.39, 45.3, 63.9, 20.9, 39.1, 36.1, 10.1, 26.7, 17.3, 13.1, 22.3, 8.06, 0.538, 5.58, 3.26, 5.99, 0.488, 3.45, 6.89, 6.06, 6.98, 8.38, 4, 1.72, 6.22, 0.852, 0.141, 2.17, 1.37, 1.41, 2.6, 2.84, 1.23, 0.455, 3.15, 2.34, 1.39, 1.37, 2.65, 0.444, 1.47, 1.47, 0.118, 0.127, 0.206, 0.865, 0.302, 0.227, 0.349, 0.913, 0.102, 0.558, 1.04, 0.533, 0.103, 0.693, 0.109, 0.163, 0.8, 1.68, 0.921, 0.505, 0.315, 0.635, 0.000545, 0.355, 1.08, 0.952, 0.359, 1.04, 1.02, 0.127, 0.606, 0.818, 0.0801, 0.0965, 0.111, 0.0992, 0.905, 1.35, 0.899, 0.482, 0.52, 0.523, 1.74, 1, 0.948, 0.981, 0.851, 0.657, 0.416, 0.44, 1.18, 1.3, 1.99, 0.815, 0.184, 2.49, 26.6, 29.9, 2.37, 0.381, 0.673, 0.374, 0.225, 0.16, 0.144, 0.0695, 0.0224, 0.188, 0.2, 0.12, 0.0711, 0.209, 0.0267, 0.119, 0.0497, 0.0865, 0.0778, 0.0492, 0.283, 0.325, 0.0305, 0.0497, 0.0764, 0.0177, 0.0345, 0.00674, 0.0128, 0.00357, 0.0053, 0.000239, 0.0157, 0.0507, 0.0269, 0.00418, 0.00578, 0.0121, 0.00233, 0.00111, 0.00555, 0.00371, 2.57e-006, 0.000119, 0.00122, 0.00269, 0.000833, 0.000678, 0.00421, 0.00263, 0.000431, 0.00107, 0.00118, 8.27e-005, 0.000213, 0.00032, 0.000163, 0.000335, 0.000122, 3.58e-005, 0.000131, 9e-006, 2.56e-005, 4.77e-005, 2.34e-005, 7.14e-006, 1.21e-005, 6.71e-005, 7.14e-005, 3.8e-005, 2.64e-005, 1.1e-005, 3.08e-005, 2.39e-005, 1e-005, 2.11e-006, 5.99e-006, 2.78e-006, 1.51e-006, 1.75e-006, 1.96e-006, 4.24e-006, 9.24e-006, 5.41e-006, 1.96e-006, 1.01e-006, 1.43e-006, 2.24e-006, 1.25e-006, 5.94e-007, 8.99e-008, 1.11e-006, 1.09e-006, 2.68e-007, 1.02e-008, 1.38e-007, 2.59e-007, 2.28e-007, 7.12e-007, 5.01e-007, 8.32e-008, 4.02e-008, 2.84e-008, 3.88e-008, 2.62e-008, 2.1e-010, 1.5e-009, 8.08e-010, 1.3e-009, 1.01e-009, 5.01e-009, 9.31e-009, 4.29e-009, 6.5e-012, 1.18e-009, 1.31e-009, 4.7e-009, 1.59e-009, 3.46e-011, 3.23e-010, 7.91e-011, 1.99e-010, 2.28e-010, 1.32e-010, 1.35e-010, 1.95e-011, 1.39e-011, 1.82e-011, 1.82e-011, 1.9e-012, 1.43e-012, 7.35e-012, 1.22e-012, 4e-012, 2.22e-012, 5.53e-012, 6.73e-013, 6.52e-013, 1.2e-012, 6.77e-013, 7.68e-013, 5.34e-013, 6.34e-013, 4.77e-013, 6.25e-013, 5.41e-013, 5.8e-013, 5.19e-013, 5.35e-013, 5.29e-013, 5.19e-013, 5.16e-013, 5.13e-013, 5.1e-013, 5.09e-013
13:44:13, 1.35, 11.4, 57.8, 64.9, 43.9, 49.3, 38.3, 28.5, 29.1, 10.2, 14.6, 26.3, 6.77, 0.157, 2.39, 0.213, 3.51, 0.92, 1.75, 5.49, 9.26, 2.25, 8.98, 5.8, 0.614, 3.28, 1.12, 0.0671, 1.46, 0.208, 0.523, 2.22, 2.91, 0.572, 0.0507, 2.37, 0.817, 1.54, 3.88, 2.88, 0.0152, 1.98, 1.94, 0.11, 0.147, 0.0238, 0.643, 0.454, 0.204, 0.721, 1.2, 0.521, 0.455, 0.75, 0.47, 0.234, 0.482, 0.0678, 0.07, 0.343, 1.66, 1.42, 0.864, 0.909, 1.05, 0.214, 0.352, 0.688, 1.5, 0.217, 0.934, 1.11, 0.0468, 0.706, 0.713, 0.0643, 0.16, 0.158, 0.344, 0.929, 1.31, 0.756, 1.03, 1.01, 1.25, 2.18, 0.938, 0.396, 1.11, 0.449, 0.387, 0.117, 0.694, 2.05, 2.95, 2.83, 1.08, 0.17, 2.61, 25.4, 28.2, 2.94, 0.208, 0.347, 0.42, 0.0899, 0.074, 0.0561, 0.0793, 0.00357, 0.117, 0.242, 0.0664, 0.216, 0.418, 0.136, 0.129, 0.00102, 0.143, 0.0888, 0.0204, 0.25, 0.337, 0.108, 0.0816, 0.0959, 0.0676, 0.0587, 0.0281, 0.0161, 0.00835, 0.00616, 0.00161, 0.0258, 0.0408, 0.0215, 0.00314, 0.00405, 0.0103, 0.00278, 0.00102, 0.00246, 0.00264, 0.000555, 0.000205, 0.00127, 0.00449, 0.00189, 0.00166, 0.00585, 0.00191, 0.00016, 0.000371, 0.000881, 0.000154, 0.000324, 0.00047, 3.3e-006, 0.000141, 8.09e-005, 8.26e-005, 0.000119, 9.85e-006, 7.67e-006, 8.98e-005, 5.34e-005, 7.26e-006, 3.18e-006, 3.73e-005, 2.87e-005, 7.22e-005, 3.52e-005, 3.24e-006, 3.38e-005, 8.62e-006, 7.49e-006, 6.97e-008, 5.41e-006, 5.9e-006, 2.41e-006, 9.82e-007, 2.46e-006, 3.9e-006, 8.87e-006, 2.56e-006, 1.23e-006, 9.47e-007, 1.61e-006, 2.56e-006, 1.79e-006, 5.19e-007, 8.93e-008, 6.68e-007, 5.1e-007, 2.06e-007, 1.92e-008, 1.22e-007, 1.42e-007, 2.24e-008, 4.91e-007, 4.13e-007, 2.9e-008, 3.32e-008, 9.08e-009, 2.96e-008, 3.17e-008, 1.8e-009, 5.32e-010, 1.9e-009, 2.8e-009, 3.9e-009, 1.13e-008, 9.84e-009, 2.43e-009, 8.36e-010, 1.42e-009, 1.48e-009, 8.37e-009, 2.44e-009, 2.38e-010, 2.92e-010, 1.25e-011, 1.28e-010, 8.25e-011, 5.3e-011, 1.4e-010, 1.29e-011, 2.38e-011, 1.62e-011, 4.7e-012, 1.11e-011, 1.51e-011, 1.56e-012, 1.38e-013, 4.34e-012, 1.58e-012, 5.07e-012, 1.7e-013, 1.24e-012, 2.06e-013, 6.53e-013, 1.99e-013, 5.14e-013, 2.98e-013, 2.27e-013, 3.56e-013, 2.86e-013, 2.86e-013, 3.14e-013, 2.86e-013, 2.91e-013, 2.89e-013, 2.88e-013, 2.87e-013, 2.86e-013, 2.86e-013
13:44:13, 0.0996, 12.5, 53.6, 38.2, 37.3, 40.6, 20.7, 31.2, 25.4, 1.57, 7.45, 21.4, 11.2, 0.278, 2.73, 2.16, 2.39, 2.3, 0.712, 2.78, 7.94, 0.686, 9.15, 8.73, 2.13, 1.03, 1.25, 0.387, 1.29, 0.255, 0.127, 1.1, 1.85, 0.391, 0.0352, 1.9, 1.53, 2.16, 5.36, 2.51, 0.315, 2.07, 2.67, 0.13, 0.0847, 0.139, 0.806, 0.926, 0.157, 0.643, 1.57, 0.556, 0.247, 0.245, 0.47, 0.194, 0.343, 0.179, 0.0464, 0.344, 1.27, 0.804, 1.17, 1.29, 1.42, 0.676, 0.239, 0.3, 2.1, 0.303, 1.03, 1.15, 0.0819, 0.806, 0.556, 0.297, 0.395, 0.383, 0.273, 0.694, 0.753, 0.34, 0.821, 1.75, 2.44, 1.4, 0.615, 0.0483, 0.996, 0.0404, 0.234, 0.000501, 0.452, 2.61, 3.12, 2.32, 1.43, 0.0271, 1.59, 18.5, 25.7, 1.48, 0.26, 0.111, 0.302, 0.00198, 0.129, 0.105, 0.0425, 0.000382, 0.0781, 0.256, 0.00149, 0.41, 0.653, 0.335, 0.131, 0.0346, 0.181, 0.134, 0.0478, 0.12, 0.246, 0.169, 0.0818, 0.0645, 0.0968, 0.0754, 0.0305, 0.0179, 0.00605, 0.00522, 0.00932, 0.0338, 0.0189, 0.0118, 0.00294, 0.00285, 0.00632, 0.00349, 0.000394, 0.00112, 0.00172, 0.0022, 0.000153, 0.00158, 0.00622, 0.00245, 0.00139, 0.00698, 0.0031, 0.000248, 0.000234, 0.000523, 0.000156, 0.000563, 0.000684, 0.000116, 2.61e-005, 4.23e-005, 4.93e-005, 0.000142, 3.75e-005, 8.23e-006, 0.000135, 0.000116, 2.66e-006, 3.54e-006, 4.02e-005, 2.96e-006, 7.49e-005, 4.24e-005, 1.96e-005, 3.45e-005, 7.42e-008, 7.39e-006, 7.65e-007, 3.07e-006, 7.49e-006, 2.41e-006, 1.39e-007, 2.22e-006, 1.18e-006, 6.2e-006, 2.72e-006, 1.49e-006, 2.07e-007, 1.99e-006, 1.32e-006, 1.57e-006, 5.66e-007, 8.06e-008, 4.8e-007, 4.16e-008, 2.2e-007, 8.64e-009, 1.25e-007, 1.64e-008, 2.6e-008, 3.87e-007, 2.19e-007, 1.08e-008, 2.16e-008, 4.97e-009, 1.82e-008, 3.62e-008, 7.9e-009, 4.06e-010, 3.2e-009, 2.7e-009, 6.19e-009, 1.6e-008, 7.41e-009, 7.19e-010, 2.04e-009, 1.83e-009, 4.25e-009, 1.12e-008, 4.4e-009, 6.39e-010, 1.31e-010, 2.88e-011, 6.59e-011, 7.87e-011, 7.61e-011, 9.11e-011, 3.69e-012, 4.24e-011, 1.48e-011, 1.07e-012, 1.71e-011, 1.56e-011, 1.38e-011, 4.56e-012, 1.91e-012, 3.55e-013, 3.21e-012, 9.21e-013, 7.4e-013, 3.32e-013, 3.22e-013, 1.51e-013, 3.24e-013, 2.17e-013, 1.33e-013, 2e-013, 1.76e-013, 1.73e-013, 1.46e-013, 1.63e-013, 1.49e-013, 1.49e-013, 1.46e-013, 1.44e-013, 1.42e-013, 1.41e-013
13:44:13, 0.102, 14.5, 37, 8.62, 13.1, 21.5, 3.17, 19.1, 16.5, 1.27, 1.77, 12.4, 15.6, 2.6, 3.23, 3.36, 1.65, 1.64, 0.691, 2.47, 3.33, 3.66, 11.3, 11.5, 2.8, 0.119, 1.05, 1.75, 0.828, 0.428, 0.102, 0.942, 0.607, 0.457, 0.0414, 2.22, 3.46, 2.88, 3.51, 2.82, 0.0917, 2.92, 3.01, 0.317, 0.0245, 0.23, 1.22, 1.04, 0.168, 0.674, 1.86, 0.117, 0.137, 0.08, 0.246, 0.0414, 0.342, 0.179, 0.0485, 0.671, 0.91, 0.108, 1.13, 0.6, 1.78, 0.653, 0.156, 0.544, 2.56, 1.31, 0.832, 0.815, 0.671, 0.77, 0.215, 0.402, 0.561, 0.537, 0.0702, 0.384, 0.364, 0.0601, 0.232, 1.81, 2.83, 0.401, 0.386, 0.388, 0.699, 0.23, 0.278, 0.0992, 0.151, 2.53, 1.73, 0.901, 1.71, 0.798, 0.342, 14, 23.6, 0.839, 0.243, 0.0705, 0.167, 0.161, 0.364, 0.284, 0.0215, 0.00807, 0.0418, 0.274, 0.172, 0.542, 0.614, 0.388, 0.0913, 0.0662, 0.195, 0.236, 0.0627, 0.0495, 0.0899, 0.151, 0.0359, 0.0355, 0.0498, 0.0897, 0.00531, 0.0233, 0.000434, 0.00336, 0.0118, 0.0387, 0.00634, 0.00558, 0.00512, 0.00199, 0.00188, 0.00415, 0.00173, 0.00252, 0.00323, 0.0046, 0.000798, 0.00329, 0.0067, 0.00183, 0.000255, 0.00774, 0.00625, 0.000553, 0.000255, 0.000438, 5.72e-006, 0.000941, 0.000919, 0.000227, 1.18e-005, 2.62e-005, 9.3e-006, 0.000188, 7.32e-005, 2.37e-005, 0.000151, 0.000225, 4.6e-005, 4.48e-005, 6.77e-005, 3.84e-005, 4.47e-005, 3.54e-005, 4.24e-005, 3.35e-005, 1.15e-005, 1.13e-005, 5.13e-007, 2.98e-006, 5.41e-006, 1.66e-006, 5.14e-007, 2.15e-006, 3.9e-007, 2.43e-006, 4.78e-006, 4.43e-006, 1.83e-006, 2.24e-006, 1.97e-007, 9.43e-007, 7.53e-007, 4.25e-008, 4.88e-007, 9.55e-008, 2.63e-007, 1.24e-007, 7.7e-008, 1.89e-009, 9.11e-008, 4.4e-007, 1.04e-007, 2.45e-008, 3.42e-008, 1.84e-008, 5.13e-009, 3.75e-008, 1.93e-008, 4.28e-009, 3.45e-009, 9.62e-010, 5.52e-009, 1.34e-008, 7.76e-009, 7.7e-010, 1.63e-009, 1.48e-009, 6.3e-009, 1.06e-008, 5.84e-009, 8.69e-010, 1.76e-011, 6.05e-011, 1.98e-011, 9.97e-011, 7.75e-011, 8.95e-011, 9.13e-012, 3.51e-011, 3.36e-011, 4.57e-012, 6.6e-012, 2.39e-011, 1.79e-011, 7.85e-012, 2.47e-012, 8.41e-013, 6.84e-013, 3.67e-013, 7.72e-013, 4.6e-014, 2.97e-013, 1.38e-013, 2.09e-014, 1.18e-013, 2.94e-014, 6.95e-014, 6.1e-014, 4.97e-014, 5.72e-014, 4.91e-014, 5.21e-014, 4.96e-014, 4.95e-014, 4.93e-014, 4.89e-014, 4.87e-014
13:44:13, 0.0783, 9.83, 21.8, 0.217, 0.94, 6.6, 2.22, 10.5, 6.41, 4.93, 0.724, 9.75, 15, 4.29, 2.41, 2.58, 0.733, 0.631, 1.92, 2.87, 0.396, 5.41, 12.8, 10.3, 1.41, 0.445, 1.45, 2.22, 0.821, 0.274, 0.978, 1.45, 0.0925, 0.26, 0.395, 2.47, 4.42, 2.12, 1.03, 3.49, 0.547, 4.8, 2.87, 0.167, 0.106, 0.39, 1.76, 0.488, 0.333, 1.29, 1.89, 0.129, 0.172, 0.221, 0.0168, 0.159, 0.658, 0.541, 0.29, 0.894, 0.587, 0.303, 0.965, 0.0466, 1.94, 0.5, 0.166, 1.03, 2.53, 2.15, 0.31, 0.437, 0.892, 0.772, 0.00122, 0.284, 0.444, 0.455, 0.0437, 0.23, 0.335, 0.0825, 0.0148, 1.15, 2.29, 0.276, 0.273, 0.654, 0.522, 0.278, 0.554, 0.424, 0.445, 1.89, 0.519, 0.0765, 1.45, 1.9, 1.08, 15.4, 23, 1.87, 0.162, 0.123, 0.0214, 0.357, 0.81, 0.592, 0.0407, 0.00886, 0.0319, 0.227, 0.471, 0.543, 0.244, 0.325, 0.0254, 0.0634, 0.118, 0.282, 0.113, 0.0911, 0.0152, 0.123, 0.0286, 0.0283, 0.00834, 0.112, 0.0131, 0.0334, 0.00323, 0.00191, 0.00739, 0.0413, 0.00913, 0.0028, 0.00551, 0.000396, 0.000138, 0.00441, 0.00749, 0.00664, 0.00617, 0.00512, 0.00254, 0.00563, 0.0064, 0.00024, 0.000377, 0.00936, 0.00963, 0.000972, 9.28e-005, 0.000466, 0.000217, 0.00109, 0.000929, 0.000175, 4.8e-005, 3.19e-005, 4.84e-005, 0.000195, 0.000128, 2.07e-005, 0.00012, 0.000375, 0.000158, 8.28e-005, 9.2e-005, 9.16e-005, 1.98e-005, 1.99e-005, 4.19e-005, 1.98e-005, 3.28e-005, 2.01e-005, 1.67e-006, 1.36e-006, 4.15e-006, 2.69e-007, 2.23e-006, 3.22e-006, 1.93e-006, 3.9e-007, 4.83e-006, 1.03e-005, 5.94e-006, 1.59e-006, 1.88e-007, 7.78e-007, 6.94e-007, 1.67e-007, 6.01e-007, 4.03e-007, 2.63e-007, 2.49e-007, 7.42e-008, 1.38e-009, 1.36e-007, 5.68e-007, 1.31e-007, 3.5e-008, 5.51e-008, 3.24e-008, 2.61e-009, 3.94e-008, 2.17e-008, 1.1e-008, 4.39e-009, 5.65e-010, 1.68e-009, 7.79e-009, 8.56e-009, 3.36e-009, 8.57e-010, 9.87e-010, 4.51e-009, 7.3e-009, 4.23e-009, 1.13e-009, 6.89e-011, 1.64e-010, 6.15e-011, 9.62e-011, 3.46e-011, 8.22e-011, 2.14e-011, 3.35e-011, 3.83e-011, 1.01e-011, 5.27e-012, 1.62e-011, 1.86e-011, 8.51e-012, 3.9e-012, 4.8e-013, 3.35e-013, 4.62e-013, 4.18e-013, 6.87e-013, 6.6e-015, 6.99e-014, 4.73e-014, 7.89e-014, 2.2e-014, 4.47e-014, 2.96e-014, 3.41e-014, 2.34e-014, 2.64e-014, 2.58e-014, 2.23e-014, 2.17e-014, 2.09e-014, 2.03e-014, 2e-014
13:44:13, 3.87, 9.39, 16.8, 3.39, 0.59, 2.02, 4.12, 10.2, 1.14, 4.6, 4.52, 12.3, 9.19, 2.79, 0.961, 1.02, 0.523, 0.553, 2.18, 2.54, 0.622, 6.27, 7.08, 7.85, 0.619, 1.99, 2.77, 0.573, 1.94, 1.45, 2.53, 1.53, 0.368, 0.23, 0.327, 2.66, 2.93, 1, 0.246, 3.46, 3.23, 5.9, 2.78, 0.0129, 0.398, 0.977, 1.89, 0.215, 0.437, 1.94, 1.93, 0.269, 0.164, 0.591, 0.325, 0.736, 1.77, 1.33, 0.887, 0.783, 0.196, 1.05, 0.887, 0.387, 1.74, 0.932, 0.337, 0.881, 1.69, 2.06, 0.128, 0.267, 0.414, 0.832, 0.168, 0.144, 0.137, 0.433, 0.0194, 0.274, 0.42, 0.0747, 0.0479, 0.647, 1.28, 0.79, 0.198, 0.463, 0.505, 0.134, 0.822, 0.78, 1.19, 1, 0.193, 0.0974, 1.07, 1.57, 2.03, 19, 23.2, 1.92, 0.159, 0.102, 0.000976, 0.362, 1.18, 0.921, 0.166, 0.0231, 0.025, 0.136, 0.538, 0.395, 0.0139, 0.206, 0.0371, 0.0484, 0.0307, 0.209, 0.194, 0.184, 0.109, 0.147, 0.0672, 0.0264, 0.0388, 0.141, 0.0882, 0.0521, 0.00657, 0.000718, 0.00802, 0.0527, 0.0136, 0.00172, 0.00712, 0.000809, 0.00133, 0.00597, 0.011, 0.00983, 0.00636, 0.00328, 0.00313, 0.00573, 0.00566, 0.000458, 0.00208, 0.011, 0.0109, 0.0016, 0.000282, 0.000442, 0.000286, 0.00122, 0.000605, 7.99e-005, 5.84e-005, 2.78e-005, 9.23e-005, 0.000145, 0.00015, 1.61e-005, 0.000113, 0.000412, 0.000323, 4.32e-005, 0.000106, 0.000113, 9.7e-006, 1.35e-005, 3.74e-005, 3.12e-006, 4.98e-005, 2.65e-005, 5.36e-006, 8.75e-008, 4.42e-006, 2.11e-006, 5.41e-006, 4.22e-006, 1.89e-006, 7.77e-007, 5.79e-006, 1.32e-005, 8.61e-006, 1.39e-006, 3.03e-007, 1.55e-006, 4.42e-007, 2.7e-007, 6.84e-007, 5.1e-007, 1.56e-007, 2.39e-007, 1.6e-007, 2.17e-008, 2.3e-007, 5.99e-007, 2.65e-007, 4.26e-008, 3.42e-008, 5.81e-008, 2.98e-008, 3.1e-008, 1.16e-008, 1.36e-008, 7.22e-009, 2.96e-009, 3.56e-010, 3.32e-009, 6.03e-009, 7.07e-009, 9.78e-010, 4.62e-010, 1.95e-009, 2.95e-009, 1.58e-009, 1.02e-009, 4.59e-010, 4.43e-010, 2.81e-010, 1.19e-010, 4.04e-011, 5.34e-011, 1.93e-011, 1.45e-011, 3.61e-011, 1.75e-011, 1.08e-011, 6.37e-012, 6.03e-012, 9.72e-012, 2.45e-012, 1.35e-012, 2.11e-013, 5.47e-013, 5.98e-013, 3.24e-013, 3.85e-013, 1.18e-013, 2.46e-013, 1.22e-013, 1.05e-013, 1.71e-013, 1.31e-013, 1.38e-013, 1.39e-013, 1.3e-013, 1.28e-013, 1.32e-013, 1.28e-013, 1.28e-013, 1.27e-013, 1.27e-013
13:44:14, 0.139, 2.92, 15.6, 5.95, 1.39, 1.57, 2.01, 11.5, 2.28, 2.84, 8.24, 13.3, 3.12, 0.863, 0.0465, 0.247, 0.346, 0.905, 1.47, 0.934, 3.12, 8.15, 0.798, 5.65, 2.99, 4.04, 4.79, 0.317, 4.09, 4.73, 2.79, 0.952, 1.03, 0.191, 0.171, 1.88, 1.63, 0.349, 1.45, 2.4, 4.36, 5.64, 2.24, 0.395, 0.769, 1.27, 1.52, 0.545, 0.531, 1.48, 2.02, 0.214, 0.229, 0.839, 1.02, 1.9, 3.09, 1.72, 0.96, 0.81, 0.0996, 1.65, 0.945, 0.321, 1.66, 1.55, 0.358, 0.432, 0.451, 1.55, 0.674, 0.192, 0.215, 0.793, 0.284, 0.0759, 0.09, 0.47, 0.0746, 0.442, 0.331, 0.0541, 0.063, 0.319, 0.435, 0.972, 0.366, 0.611, 1.08, 0.478, 0.373, 1.09, 1.56, 0.387, 0.106, 0.0771, 0.6, 1.21, 0.661, 21, 24.3, 0.729, 0.355, 0.0187, 0.0307, 0.282, 1.05, 0.974, 0.35, 0.065, 0.00258, 0.0733, 0.315, 0.301, 0.0278, 0.0874, 0.128, 0.0496, 0.0329, 0.0973, 0.16, 0.236, 0.25, 0.185, 0.0545, 0.0276, 0.0757, 0.175, 0.121, 0.0745, 0.0187, 0.0063, 0.0279, 0.0578, 0.0208, 0.00549, 0.0129, 0.00471, 0.00366, 0.00666, 0.00815, 0.00823, 0.0035, 0.00126, 0.00135, 0.00336, 0.00452, 0.00178, 0.00302, 0.0105, 0.00825, 0.00211, 0.000878, 0.000563, 0.000159, 0.00118, 0.000417, 2.45e-005, 3.73e-005, 2.08e-005, 7.96e-005, 6.68e-005, 9.96e-005, 8.42e-005, 0.000106, 0.000261, 0.000461, 3.94e-005, 0.000148, 9.73e-005, 3.64e-006, 2.31e-005, 4.08e-005, 1.78e-005, 4.85e-005, 2.16e-005, 6.74e-006, 1.55e-006, 6.1e-006, 8.15e-006, 9.57e-006, 3.91e-006, 7.92e-007, 3.14e-006, 7.36e-006, 9.49e-006, 6.94e-006, 2.51e-006, 1.09e-006, 2.71e-006, 5.13e-007, 4.01e-007, 4.74e-007, 3.5e-007, 5.7e-008, 1.81e-007, 3.56e-007, 1.39e-007, 1.52e-007, 5.44e-007, 3.7e-007, 2.48e-008, 1.18e-008, 6.94e-008, 7.21e-008, 1.79e-008, 3.99e-009, 4.95e-009, 1.19e-008, 7.92e-009, 4.06e-009, 1.24e-009, 3.3e-009, 8.33e-009, 2.59e-009, 2.17e-012, 6.72e-010, 5.56e-010, 3.36e-010, 4.45e-010, 8.83e-010, 6.66e-010, 4.78e-010, 2.8e-010, 9.37e-011, 1.91e-011, 6.87e-013, 2.84e-012, 2.17e-011, 3.34e-011, 6.48e-012, 3.93e-012, 1.84e-012, 1.17e-012, 3.06e-012, 1.19e-012, 3.72e-013, 5.03e-013, 7.46e-013, 3.34e-013, 4.21e-013, 4.14e-013, 2.61e-013, 2.95e-013, 2.34e-013, 3.2e-013, 2.72e-013, 2.66e-013, 2.68e-013, 2.77e-013, 2.61e-013, 2.67e-013, 2.63e-013, 2.62e-013, 2.61e-013, 2.61e-013
13:44:14, 0.254, 1.84, 14.3, 7.81, 0.721, 2.08, 4.01, 11.8, 4.22, 1.76, 5.68, 11.7, 1.32, 0.34, 0.0177, 0.0445, 0.0643, 0.733, 0.785, 0.116, 4.3, 9.59, 2.06, 4.46, 3.67, 5.78, 7.11, 2.8, 4.85, 7.63, 2.77, 0.438, 1.72, 0.182, 0.129, 0.738, 2.02, 0.976, 3.31, 0.64, 3.13, 3.56, 1.25, 0.736, 0.843, 0.891, 0.738, 1.08, 0.452, 0.613, 1.78, 0.347, 0.312, 0.76, 1.22, 2.64, 3.41, 1.23, 0.442, 0.78, 0.682, 1.89, 0.83, 0.0922, 1.11, 1.99, 0.209, 0.309, 0.00973, 1.05, 0.935, 0.348, 0.446, 0.514, 0.19, 0.0502, 0.218, 0.391, 0.345, 0.581, 0.205, 0.0374, 0.00723, 0.2, 0.069, 0.544, 0.669, 1.57, 2.92, 1.44, 0.00678, 1.06, 1, 0.358, 0.129, 0.12, 0.263, 0.621, 0.235, 21.7, 27.9, 1.22, 0.4, 0.0548, 0.0152, 0.291, 0.51, 0.661, 0.409, 0.0925, 0.0142, 0.0233, 0.131, 0.283, 0.056, 0.0366, 0.153, 0.0655, 0.0721, 0.0231, 0.0867, 0.133, 0.303, 0.174, 0.0149, 0.0145, 0.0719, 0.18, 0.0624, 0.0733, 0.0578, 0.0312, 0.0494, 0.039, 0.0265, 0.0165, 0.0159, 0.0078, 0.0044, 0.0039, 0.00384, 0.00358, 0.00206, 0.000535, 2.74e-005, 0.00108, 0.00234, 0.00283, 0.00185, 0.00743, 0.00426, 0.00127, 0.00166, 0.00089, 0.000447, 0.000682, 0.00044, 0.000107, 3.46e-005, 1.44e-005, 3.09e-005, 3.01e-005, 5.63e-005, 0.000194, 5.64e-005, 0.00012, 0.000443, 0.000212, 0.000193, 7.11e-005, 8.74e-007, 2.97e-005, 4.02e-005, 4.36e-005, 3.74e-005, 6.89e-006, 5.43e-006, 2.89e-006, 8.44e-006, 1.13e-005, 9.89e-006, 4.97e-006, 1.53e-006, 4.85e-006, 5.32e-006, 4.15e-006, 2.79e-006, 3.34e-006, 2.46e-006, 3.26e-006, 1.13e-006, 6.22e-007, 1.55e-007, 2.19e-007, 7.38e-008, 1.03e-007, 5.58e-007, 3.88e-007, 1.95e-009, 4.94e-007, 3.26e-007, 1.37e-008, 2.97e-009, 5.87e-008, 8.93e-008, 1.63e-008, 2.74e-009, 2.33e-010, 1.11e-008, 1.58e-008, 7.04e-009, 1.87e-009, 3.12e-009, 5.64e-009, 4.42e-009, 8.17e-010, 4.12e-010, 2.43e-010, 9.09e-011, 1.4e-010, 8.24e-010, 5.67e-010, 4.15e-010, 4.48e-010, 1.46e-010, 3.08e-013, 1.05e-011, 7.2e-012, 2.25e-011, 4.07e-011, 9.58e-013, 1.21e-013, 1.17e-013, 2.44e-013, 2.16e-012, 3.34e-013, 5.27e-013, 9.16e-014, 4.76e-014, 8.3e-013, 1.03e-013, 1.04e-013, 1.51e-013, 1.98e-013, 1.18e-013, 1.54e-013, 1.39e-013, 1.46e-013, 1.39e-013, 1.29e-013, 1.36e-013, 1.3e-013, 1.3e-013, 1.29e-013, 1.28e-013, 1.28e-013
13:44:14, 0.129, 0.913, 12.2, 8.97, 0.176, 3.47, 7.62, 11.2, 2.55, 0.942, 1.82, 8.91, 2.47, 0.453, 0.0828, 0.241, 0.185, 0.0536, 1.07, 0.688, 1.94, 11, 7.34, 2.8, 1.98, 4.35, 8.5, 5.12, 2.65, 7.59, 3.79, 1.28, 1.92, 0.299, 0.0453, 0.177, 2.32, 4.42, 4.98, 0.125, 1.35, 1.6, 0.2, 0.654, 0.398, 0.484, 0.138, 1.24, 0.236, 0.301, 1.16, 0.611, 0.359, 0.343, 0.754, 1.99, 2.55, 0.491, 0.0484, 0.605, 0.962, 1.64, 0.847, 0.158, 0.355, 1.94, 0.63, 0.299, 0.271, 0.763, 0.45, 0.526, 0.7, 0.109, 0.227, 0.0696, 0.43, 0.118, 0.552, 0.526, 0.193, 0.0353, 0.0869, 0.2, 0.197, 0.179, 0.638, 2.78, 4.63, 2.98, 0.852, 0.781, 0.285, 0.868, 0.508, 0.722, 0.0842, 0.249, 1.41, 22.4, 32, 4.45, 0.573, 0.165, 0.133, 0.493, 0.0736, 0.385, 0.218, 0.0928, 0.0561, 0.011, 0.089, 0.196, 0.0597, 0.0383, 0.167, 0.0227, 0.107, 0.0331, 0.0697, 0.0122, 0.237, 0.145, 0.00104, 0.0059, 0.059, 0.138, 0.0114, 0.0408, 0.0978, 0.0681, 0.0375, 0.0168, 0.0175, 0.0252, 0.0114, 0.00571, 0.00406, 0.0009, 0.00306, 0.00275, 0.0036, 0.000514, 0.000281, 0.000222, 0.000757, 0.00249, 9.91e-005, 0.00499, 0.00147, 0.00029, 0.00134, 0.00162, 0.000797, 0.000151, 0.000396, 0.000183, 7.25e-005, 1.79e-005, 1.71e-005, 3.1e-005, 7.22e-005, 0.000237, 4.27e-005, 7.62e-005, 0.000279, 0.000393, 0.000199, 2.72e-005, 1.59e-005, 2.91e-005, 2.18e-005, 4.26e-005, 2.67e-005, 6.17e-008, 2.79e-006, 1.58e-006, 9.17e-006, 8.3e-006, 4.71e-006, 7.16e-006, 5.27e-006, 3.18e-006, 1.94e-006, 1.3e-006, 5.49e-007, 2.37e-006, 2.43e-006, 3.03e-006, 1.25e-006, 5.97e-007, 2.85e-007, 3.1e-007, 1.68e-007, 6.77e-008, 7.2e-007, 5.38e-007, 1.14e-007, 4.38e-007, 1.86e-007, 2.5e-008, 1.29e-009, 4.8e-008, 5.98e-008, 2.88e-008, 1.89e-009, 6.25e-010, 1.24e-008, 2e-008, 4.38e-009, 3.8e-009, 3.15e-009, 1.49e-009, 5.69e-009, 2.65e-009, 8.84e-010, 3.85e-010, 5.04e-011, 1.4e-010, 5.43e-010, 2.3e-010, 1.74e-010, 4.85e-010, 1.71e-010, 2.71e-011, 4.77e-011, 2.72e-011, 4.81e-011, 2.6e-011, 2.12e-012, 6.51e-013, 1.8e-013, 2.93e-013, 1.01e-012, 9.67e-013, 5.39e-013, 3.88e-013, 3.91e-013, 4.48e-013, 1.68e-013, 1.3e-013, 2.44e-013, 1.58e-013, 2.18e-013, 1.75e-013, 1.63e-013, 1.55e-013, 1.59e-013, 1.45e-013, 1.45e-013, 1.44e-013, 1.39e-013, 1.37e-013, 1.35e-013, 1.34e-013
13:44:14, 0.00292, 1.38, 8.86, 9.3, 2.5, 3.78, 6.54, 8.87, 1.23, 0.467, 1.35, 6.31, 2.74, 0.479, 0.768, 1.28, 1.57, 0.716, 2.6, 1.93, 0.669, 11.4, 9.75, 0.838, 0.521, 1.4, 7.03, 5.15, 0.305, 5.82, 3.85, 2.24, 2.12, 0.171, 0.0231, 0.0924, 1.75, 8.25, 6.9, 1.44, 0.149, 0.74, 0.0475, 0.206, 0.043, 0.408, 0.488, 1.06, 0.114, 0.375, 0.726, 0.373, 0.467, 0.0835, 0.162, 0.981, 1.25, 0.203, 0.0554, 0.355, 0.45, 1.03, 0.844, 0.357, 0.174, 1.73, 1.01, 0.306, 0.349, 0.556, 0.061, 0.336, 0.722, 0.128, 0.403, 0.614, 0.815, 0.062, 0.682, 0.131, 0.381, 0.182, 0.133, 0.215, 0.539, 0.152, 0.608, 2.9, 3.97, 3.95, 2.62, 0.737, 0.227, 0.921, 1.39, 1.42, 0.516, 0.233, 1.24, 21.9, 31.7, 6.47, 0.66, 0.357, 0.447, 0.875, 0.229, 0.23, 0.0614, 0.0246, 0.113, 0.0286, 0.0572, 0.161, 0.0156, 0.133, 0.222, 0.00733, 0.119, 0.0992, 0.0627, 0.0184, 0.152, 0.103, 0.0255, 0.0181, 0.0504, 0.0919, 0.0124, 0.00956, 0.11, 0.0844, 0.00856, 0.00685, 0.00979, 0.0163, 0.00677, 0.00104, 0.00401, 0.00208, 0.00537, 0.00614, 0.00535, 0.00081, 0.000163, 0.000249, 0.000809, 0.000952, 0.000587, 0.00406, 0.00115, 1.78e-005, 0.0008, 0.00167, 0.000849, 1.72e-005, 0.000324, 8.29e-005, 0.000133, 4.57e-005, 3.23e-005, 2.16e-005, 9.33e-005, 0.000223, 7.75e-005, 4.75e-005, 0.000113, 0.000339, 0.000175, 1.78e-006, 2.59e-005, 2.46e-005, 2.2e-006, 2.45e-005, 1.97e-005, 1.82e-006, 1.26e-006, 6.32e-007, 7.28e-006, 2.86e-006, 7.28e-007, 6.5e-006, 9.05e-006, 9.9e-007, 3.42e-007, 8.82e-007, 5.47e-007, 7.93e-007, 7.56e-007, 2.43e-006, 6.71e-007, 4.58e-007, 6.07e-007, 4.9e-007, 3.71e-007, 2.54e-007, 7.43e-007, 4.04e-007, 3.29e-007, 3.78e-007, 5.32e-008, 4.36e-008, 1.71e-008, 4.05e-008, 1.79e-008, 3.97e-008, 4.05e-009, 3.35e-009, 2.52e-008, 1.48e-008, 1.35e-009, 2.77e-009, 2.73e-009, 3.04e-010, 5.53e-009, 3.45e-009, 1.2e-009, 5.55e-010, 9.45e-011, 1.61e-010, 2.05e-010, 1.62e-010, 1.07e-010, 2.23e-010, 2.04e-010, 5.58e-011, 9.28e-011, 7.87e-011, 3.36e-011, 1.96e-011, 3.73e-012, 1.59e-012, 1.95e-012, 3.25e-013, 3.02e-013, 4.42e-013, 1.03e-012, 5.94e-013, 1.37e-014, 3.64e-013, 2.81e-013, 3.28e-013, 1.23e-013, 1.5e-013, 1.65e-013, 1.59e-013, 1.14e-013, 1.35e-013, 1.16e-013, 1.17e-013, 1.11e-013, 1.06e-013, 1.03e-013, 1e-013, 9.85e-014, 9.75e-014
13:44:14, 0.121, 0.721, 4.72, 6.83, 6.03, 1.81, 3.34, 4.42, 2.35, 1.19, 3, 2.7, 2.64, 0.0162, 2.22, 4.83, 4.56, 2.97, 4.77, 3.41, 2.29, 8.47, 8.77, 0.379, 0.0527, 0.344, 3.97, 3.55, 0.802, 4.22, 1.68, 2, 1.71, 0.581, 0.229, 0.115, 1.51, 8.43, 8.38, 2.03, 0.0321, 0.499, 0.406, 0.000546, 0.189, 0.733, 1.57, 0.74, 0.0527, 0.46, 0.857, 0.275, 0.845, 0.299, 0.0514, 0.412, 0.609, 0.0366, 0.0774, 0.219, 0.007, 0.677, 0.281, 0.599, 0.671, 1.42, 0.59, 0.321, 0.103, 0.453, 0.0335, 0.0836, 0.517, 0.593, 0.622, 1.25, 1.55, 0.78, 0.614, 0.00775, 0.513, 0.548, 0.0975, 0.225, 0.852, 0.39, 0.55, 1.9, 1.65, 3.15, 3.61, 1.16, 0.28, 0.575, 1.71, 1.97, 1.01, 0.0866, 0.546, 18.3, 26.6, 3.69, 1.11, 0.0737, 0.917, 1.23, 0.643, 0.181, 0.00494, 0.0134, 0.17, 0.0965, 0.085, 0.301, 0.069, 0.36, 0.223, 0.0585, 0.124, 0.113, 0.0373, 0.072, 0.102, 0.0386, 0.0511, 0.0419, 0.0202, 0.0653, 0.0414, 0.00252, 0.103, 0.0803, 0.00239, 0.0151, 0.0116, 0.00305, 0.00379, 0.000532, 0.00433, 0.00404, 0.0058, 0.00906, 0.00508, 0.00105, 5.62e-005, 0.000718, 0.00088, 0.000304, 0.00106, 0.00461, 0.00222, 0.000144, 0.000768, 0.000771, 0.000699, 0.000365, 0.000321, 4.05e-006, 0.000181, 5.09e-005, 4.6e-005, 2.22e-005, 0.000104, 0.000216, 3.72e-005, 2.25e-005, 3.37e-005, 0.000164, 0.000134, 9.92e-006, 1.82e-005, 1.41e-005, 2.2e-006, 1.17e-005, 1.24e-005, 3.5e-006, 7.54e-007, 1.61e-006, 4.04e-006, 1.09e-006, 1.17e-007, 5.28e-006, 1.02e-005, 6.48e-007, 1.02e-007, 9.63e-007, 5.1e-007, 1.13e-007, 2.86e-008, 1.42e-006, 9.91e-007, 6.07e-007, 5.3e-007, 4.38e-007, 6.21e-007, 7.21e-007, 5.12e-007, 1.67e-007, 2.89e-007, 2.75e-007, 5.33e-008, 6.32e-008, 6.91e-008, 2.79e-008, 5.55e-009, 3.32e-008, 1.48e-008, 1.27e-008, 3.52e-008, 1.43e-008, 8.11e-010, 1.03e-010, 3.56e-009, 3.03e-009, 3.14e-009, 2.78e-009, 7.27e-010, 6.01e-010, 5.49e-010, 2.24e-010, 1.34e-010, 4.06e-010, 1.06e-010, 8.5e-011, 9.53e-011, 6.95e-011, 1.32e-010, 8.74e-011, 1.03e-011, 1.58e-011, 9.33e-012, 1.91e-012, 1.87e-012, 1.83e-012, 4.15e-013, 1.23e-012, 6.11e-013, 9.53e-014, 4.29e-013, 7.88e-014, 1.06e-013, 9.52e-014, 2.54e-014, 1.19e-014, 3.03e-014, 1.57e-014, 1.59e-014, 1.44e-014, 1.59e-014, 1.5e-014, 1.49e-014, 1.42e-014, 1.43e-014, 1.42e-014, 1.41e-014, 1.41e-014
13:44:14, 12.2, 11.6, 1.51, 1.74, 8.87, 0.428, 0.746, 2.85, 1.24, 5.9, 2.61, 1.03, 1.28, 0.835, 4.94, 9.08, 7.1, 3.84, 4.68, 5.57, 3.66, 3.39, 7.19, 1.39, 0.256, 0.0437, 2.29, 2.54, 1.17, 4.32, 0.124, 1.78, 0.701, 2.44, 1.23, 0.406, 2.01, 5.28, 6.59, 2.3, 0.0612, 0.511, 0.961, 0.217, 0.536, 1.4, 2.45, 0.426, 0.0873, 0.674, 1.61, 1.1, 1.49, 0.74, 0.169, 0.204, 0.402, 0.0187, 0.0546, 0.182, 0.4, 0.934, 0.09, 0.862, 0.8, 1.12, 0.0624, 0.305, 0.102, 0.462, 0.106, 0.014, 0.232, 1.22, 0.696, 0.939, 2.96, 1.5, 0.335, 0.227, 0.555, 0.763, 0.232, 0.375, 0.847, 0.598, 0.196, 0.891, 0.231, 1.66, 2.68, 1.41, 0.232, 0.431, 1.04, 1.54, 1.46, 0.138, 0.0679, 15.2, 20.9, 0.312, 1.46, 0.0643, 1.26, 1.1, 0.664, 0.304, 0.0388, 0.0577, 0.157, 0.25, 0.317, 0.582, 0.406, 0.489, 0.169, 0.0616, 0.1, 0.0913, 0.00748, 0.0904, 0.0529, 0.00171, 0.0508, 0.0449, 0.00246, 0.0502, 0.0669, 0.0245, 0.082, 0.0675, 0.023, 0.0333, 0.0163, 0.000631, 0.00236, 0.00109, 0.00463, 0.00288, 0.00408, 0.00758, 0.0032, 0.000778, 0.00038, 0.0016, 0.000658, 0.000164, 0.00036, 0.00624, 0.00334, 0.000244, 0.000636, 0.000237, 0.000525, 0.000713, 0.000281, 0.000122, 0.000212, 3.46e-005, 6.27e-005, 9.22e-005, 0.000191, 0.000171, 8.91e-007, 1.49e-005, 2.32e-005, 4.57e-005, 7.9e-005, 2.99e-005, 6.99e-006, 5.31e-006, 7.96e-006, 5.21e-006, 4.6e-006, 2.58e-006, 5.17e-007, 1.56e-006, 1.47e-006, 3.26e-006, 1.2e-006, 7.91e-006, 8.86e-006, 1.29e-006, 4.46e-007, 1.24e-006, 3.22e-008, 6.9e-008, 9.62e-008, 1.47e-006, 1.99e-006, 9.05e-007, 1.91e-007, 1.89e-007, 6.86e-007, 8.21e-007, 4.2e-007, 6.64e-008, 9.45e-008, 2.08e-007, 1.56e-007, 7.38e-008, 9.73e-008, 3.08e-008, 9.09e-009, 1.96e-008, 2.08e-008, 1.84e-008, 3.46e-008, 1.89e-008, 2.73e-009, 8.31e-010, 4.22e-009, 6.73e-009, 8.17e-010, 1.67e-009, 5.71e-010, 8.02e-010, 1.11e-009, 4.06e-010, 3.29e-010, 6.89e-010, 1.72e-010, 1.05e-010, 3.78e-011, 3.77e-011, 1.19e-010, 7.07e-011, 8.59e-013, 7.32e-012, 1.79e-011, 4.06e-012, 2.07e-012, 2.63e-012, 5.3e-012, 9.71e-013, 1.03e-012, 2.78e-014, 1.19e-012, 1.46e-013, 4.03e-013, 2.03e-013, 1.97e-013, 1.84e-013, 1.81e-013, 1.49e-013, 1.79e-013, 1.61e-013, 1.58e-013, 1.55e-013, 1.54e-013, 1.53e-013, 1.51e-013, 1.5e-013, 1.5e-013, 1.49e-013
13:44:14, 8.42, 9, 5.38, 5.82, 29, 17.3, 7.05, 15.7, 11.4, 21.9, 2.28, 1.2, 0.63, 3.77, 6.91, 9.13, 6.79, 2.02, 2.46, 5.94, 3.13, 1.08, 5.05, 1.87, 0.384, 0.113, 2.07, 1.93, 0.393, 4.56, 3.84, 4.34, 3.07, 5.69, 1.76, 0.977, 2.33, 1.52, 3.28, 2.28, 0.0881, 0.819, 1.85, 0.874, 0.66, 1.31, 2.83, 0.817, 0.345, 1.43, 2.3, 1.76, 1.3, 1.37, 0.426, 0.434, 0.39, 0.0375, 0.18, 0.401, 1.02, 1.94, 1.47, 0.983, 0.394, 0.826, 0.0615, 0.305, 0.625, 0.409, 0.0866, 0.012, 0.0516, 1.68, 1.04, 1.03, 4.08, 1.57, 0.041, 0.55, 0.441, 0.534, 0.774, 0.381, 0.592, 0.474, 0.011, 0.278, 0.311, 1.06, 1.09, 0.791, 0.504, 0.628, 0.307, 0.701, 1.45, 0.412, 0.171, 14.1, 19.5, 0.886, 0.683, 0.714, 1.66, 0.443, 0.384, 0.499, 0.167, 0.0517, 0.114, 0.396, 0.555, 0.722, 0.697, 0.452, 0.0696, 0.0315, 0.0319, 0.102, 0.0357, 0.0734, 0.0122, 0.0185, 0.0503, 0.0144, 0.0143, 0.0519, 0.0708, 0.0491, 0.0399, 0.0456, 0.0302, 0.0423, 0.031, 0.00543, 0.000832, 0.000334, 0.00524, 0.00165, 0.00327, 0.00288, 0.00171, 0.000216, 0.000893, 0.00204, 0.00118, 0.000433, 0.00106, 0.00742, 0.00473, 6.35e-005, 0.000653, 0.000411, 0.000663, 0.000601, 0.000178, 0.000308, 0.000151, 6.73e-005, 0.000121, 0.000276, 0.000234, 0.000106, 2.18e-005, 2.86e-005, 2.52e-005, 1.03e-005, 3.36e-005, 2.23e-005, 5.01e-006, 3.45e-006, 5.21e-006, 1.41e-006, 7.68e-007, 1.87e-006, 5.77e-007, 1.97e-006, 1.09e-006, 6.09e-006, 5.02e-006, 8.65e-006, 6.08e-006, 1.61e-006, 1.33e-006, 2.38e-006, 3.58e-007, 5.7e-007, 5.38e-007, 1.58e-006, 2.51e-006, 9.58e-007, 2.68e-008, 4.31e-008, 5.23e-007, 3.67e-007, 4.84e-007, 3.04e-007, 1.6e-007, 2.79e-007, 2.19e-007, 3.96e-008, 9.62e-008, 2.85e-008, 7.71e-009, 7.55e-009, 1.57e-008, 1.18e-008, 2.25e-008, 2.25e-008, 3.48e-009, 1.41e-009, 5.79e-009, 6.77e-009, 1.04e-009, 1.6e-009, 1.06e-009, 8.67e-010, 1.56e-009, 4.16e-010, 3.28e-010, 1.05e-009, 3.96e-010, 1.06e-010, 3.94e-011, 3.12e-011, 6.94e-011, 3.52e-011, 6.87e-012, 2.91e-012, 1.8e-011, 1.45e-011, 5.16e-013, 5.14e-012, 6.86e-012, 2.35e-012, 2.33e-013, 3.32e-013, 6.79e-013, 2.59e-013, 2.06e-013, 2.19e-013, 5.25e-014, 1.01e-013, 8.26e-014, 6.32e-014, 9.6e-014, 7.66e-014, 7.65e-014, 8e-014, 7.58e-014, 7.63e-014, 7.57e-014, 7.52e-014, 7.5e-014, 7.48e-014
13:44:14, 22.3, 45.7, 46.5, 69.8, 113, 91.3, 57.5, 60.2, 54.7, 43.8, 9.42, 2.58, 2.01, 5.93, 5.84, 4.75, 4.13, 0.224, 0.834, 3.22, 4.03, 1.86, 2.27, 1.48, 0.312, 0.297, 2.07, 2.03, 0.691, 2.93, 9.19, 11.6, 11.8, 8.09, 0.928, 1.3, 1.59, 0.0504, 1.11, 1.38, 0.374, 1.37, 2.91, 0.974, 0.575, 0.406, 2.77, 1.51, 0.894, 1.98, 1.79, 1.53, 0.482, 1.41, 1.23, 1.33, 0.979, 0.286, 0.831, 0.568, 0.808, 3.18, 4.05, 1.67, 0.801, 0.782, 0.0521, 0.626, 1.21, 0.442, 0.0478, 0.271, 0.155, 2.61, 2.1, 2.01, 3.85, 1.19, 0.0293, 0.695, 0.439, 0.421, 1.59, 0.238, 0.5, 0.383, 0.0113, 0.0975, 0.791, 0.695, 0.324, 0.0783, 1.23, 0.694, 0.0701, 0.272, 1.27, 0.364, 0.242, 14.4, 21.8, 2.63, 0.0527, 1.4, 1.84, 0.109, 0.1, 0.53, 0.337, 0.0486, 0.118, 0.353, 0.492, 0.526, 0.579, 0.284, 0.0341, 0.0153, 0.00893, 0.158, 0.101, 0.0548, 0.00887, 0.0895, 0.0603, 0.000642, 0.0283, 0.046, 0.0476, 0.0375, 0.00903, 0.02, 0.0126, 0.0357, 0.0513, 0.0153, 0.000598, 0.000335, 0.00692, 0.00482, 0.0037, 0.000145, 0.00159, 0.00035, 0.000645, 0.00173, 0.00315, 0.00156, 0.00221, 0.00678, 0.00603, 0.000402, 0.000461, 0.000734, 0.000896, 0.000513, 8.45e-005, 0.000518, 1.95e-005, 0.00014, 0.000242, 0.000408, 0.000169, 5.15e-005, 4.22e-005, 2.18e-005, 4.14e-005, 3.26e-005, 1.78e-005, 1.46e-005, 1.34e-005, 2.01e-006, 3.15e-006, 6.52e-007, 1.24e-006, 3.68e-006, 3.83e-006, 1.66e-006, 2.62e-006, 9.13e-006, 6.67e-006, 5.43e-006, 3.48e-006, 7.2e-007, 2.77e-006, 3.84e-006, 2.1e-006, 1.57e-006, 9.34e-007, 8.91e-007, 2.16e-006, 8.19e-007, 1.15e-009, 8.71e-008, 3.18e-007, 9.52e-009, 5.66e-007, 4.97e-007, 3.54e-007, 5.43e-007, 2.41e-007, 2.14e-008, 7.38e-008, 1.28e-008, 2.26e-009, 1.25e-009, 7.38e-009, 1.48e-009, 1.01e-008, 1.84e-008, 3.36e-009, 1.45e-009, 5.77e-009, 3.93e-009, 2.59e-009, 1.72e-009, 1.3e-009, 6.31e-010, 1.49e-009, 4.84e-010, 3.4e-010, 1.29e-009, 4.84e-010, 8.3e-011, 3.48e-011, 2.91e-011, 2.79e-011, 5.49e-012, 1.58e-011, 7.7e-013, 3.22e-011, 1.67e-011, 2.3e-012, 8.71e-012, 5.6e-012, 2.89e-012, 3.05e-014, 7.57e-013, 1.53e-014, 4.39e-013, 2.21e-013, 2.27e-014, 1.33e-013, 1.12e-013, 8.01e-014, 7.81e-014, 8.19e-014, 8.67e-014, 8.93e-014, 8.27e-014, 8.65e-014, 8.43e-014, 8.42e-014, 8.38e-014, 8.37e-014, 8.36e-014
13:44:15, 0.391, 57.2, 158, 212, 212, 176, 137, 110, 93.8, 61.2, 16.8, 4.13, 3.07, 5.45, 2.59, 1.48, 1.15, 0.632, 0.398, 1.71, 6.37, 2.64, 0.392, 0.967, 0.187, 0.185, 1.74, 3.26, 0.73, 1.71, 9.77, 17.2, 20.6, 8.54, 0.123, 0.796, 0.807, 0.198, 0.291, 0.663, 0.22, 1.9, 4.63, 0.237, 0.814, 0.382, 2.35, 1.23, 1.25, 1.66, 0.6, 0.894, 0.0274, 1.19, 1.54, 1.97, 2.36, 1.72, 1.98, 0.41, 0.499, 3.21, 5.31, 3.16, 2.06, 1.26, 0.264, 1.14, 1.08, 0.558, 0.289, 1, 1.46, 3.82, 2.7, 2.09, 2.71, 0.788, 0.123, 0.795, 0.747, 0.799, 1.93, 0.708, 0.764, 0.395, 0.0033, 0.0586, 0.993, 0.529, 0.217, 0.532, 1.85, 0.463, 0.0815, 0.278, 0.558, 0.787, 0.245, 16.5, 23, 2.74, 0.0107, 1.3, 2.15, 0.245, 0.0212, 0.508, 0.241, 0.132, 0.194, 0.135, 0.246, 0.181, 0.242, 0.181, 0.0116, 0.0657, 0.123, 0.265, 0.0923, 0.0351, 0.092, 0.209, 0.096, 0.00783, 0.0145, 0.0379, 0.0121, 0.0167, 0.000655, 0.0058, 0.00213, 0.0225, 0.0528, 0.0282, 0.00646, 0.00532, 0.0106, 0.00597, 0.00432, 0.00149, 0.00234, 0.00161, 0.0003, 0.00142, 0.0047, 0.00368, 0.00145, 0.00476, 0.00739, 0.000839, 0.000183, 0.000746, 0.000624, 0.000496, 0.000426, 0.000787, 9.38e-005, 0.000211, 0.000194, 0.000405, 0.000119, 2.62e-005, 5.7e-005, 7.95e-006, 8.43e-005, 7.69e-005, 2.52e-005, 1.86e-005, 3.04e-005, 6.29e-006, 8.27e-006, 9.08e-006, 7.04e-006, 9.5e-006, 8.28e-006, 5.77e-007, 4.62e-006, 1.23e-005, 2.89e-006, 2.19e-006, 2.16e-006, 2.05e-007, 2.88e-006, 3.87e-006, 3.92e-006, 2.71e-006, 6.34e-007, 3.29e-007, 1.05e-006, 9.91e-007, 4.1e-008, 2.74e-008, 2.71e-007, 1.47e-007, 5.35e-007, 4.05e-007, 3.17e-007, 8.21e-007, 3.45e-007, 5.71e-008, 3.45e-008, 4.06e-009, 1.65e-010, 7.58e-011, 3.26e-009, 6.73e-010, 3.31e-009, 9.52e-009, 5.17e-009, 2.5e-009, 4.09e-009, 1.02e-009, 2.79e-009, 1.16e-009, 1.07e-009, 7.07e-011, 1.26e-009, 6.38e-010, 7.08e-010, 1.27e-009, 2.78e-010, 4.84e-011, 9.03e-012, 2.53e-011, 1.98e-011, 5.46e-012, 1.82e-011, 2.45e-011, 4.47e-011, 1.5e-011, 5.1e-012, 8.09e-012, 3.02e-012, 3.82e-012, 1.63e-013, 1.91e-012, 1.2e-012, 3.45e-013, 4.1e-013, 5.16e-013, 5.74e-013, 6.53e-013, 4.7e-013, 4.77e-013, 4.62e-013, 5.06e-013, 4.64e-013, 4.63e-013, 4.56e-013, 4.53e-013, 4.5e-013, 4.46e-013, 4.44e-013, 4.43e-013
13:44:15, 2.04, 83.2, 303, 329, 179, 188, 172, 94.8, 86.4, 58, 13.7, 4.65, 1.71, 3.05, 1.65, 0.82, 0.207, 1.54, 1.29, 2.87, 5.69, 3.03, 0.498, 1.65, 0.754, 0.297, 1.92, 3.31, 0.846, 1.76, 6.25, 12.8, 21.9, 7.88, 0.138, 0.284, 0.456, 0.268, 0.172, 0.439, 0.302, 2.96, 6.41, 1.21, 1.45, 1.84, 1.63, 0.353, 0.846, 0.778, 0.16, 0.564, 0.538, 0.758, 1.04, 1.29, 3.55, 3.94, 2.32, 0.56, 0.642, 1.54, 4.66, 3.18, 2.55, 2.06, 0.99, 0.989, 0.611, 0.369, 0.688, 1.79, 3.68, 4.24, 1.43, 1.16, 1.26, 0.92, 0.209, 0.785, 0.869, 1.13, 1.36, 1.53, 1.06, 0.337, 0.0106, 0.0475, 0.98, 0.979, 0.627, 1.64, 2, 0.464, 0.132, 0.13, 0.368, 0.355, 1.14, 20, 21.1, 1.44, 0.268, 0.869, 2.05, 0.91, 0.363, 0.532, 0.0288, 0.226, 0.17, 0.0185, 0.092, 0.0107, 0.0467, 0.149, 0.0531, 0.238, 0.286, 0.266, 0.113, 0.0442, 0.238, 0.287, 0.152, 0.025, 0.0124, 0.04, 0.0104, 0.0154, 0.000554, 0.00678, 0.00892, 0.015, 0.0304, 0.0326, 0.0129, 0.0153, 0.0154, 0.00147, 0.00501, 0.0038, 0.00334, 0.00209, 0.000545, 0.00175, 0.00426, 0.00381, 0.00102, 0.00406, 0.00851, 0.00075, 0.000163, 0.000366, 0.000199, 0.000365, 0.000805, 0.001, 0.000558, 0.000252, 6.05e-005, 0.000297, 0.000104, 5.93e-005, 7.72e-005, 3e-005, 0.000117, 0.000102, 2.41e-005, 2.17e-005, 3.97e-005, 2.06e-005, 2.13e-005, 2.55e-005, 1.49e-005, 1.03e-005, 1.34e-005, 2.68e-006, 8.92e-006, 1.15e-005, 7.64e-007, 4.35e-007, 1.46e-006, 1.34e-006, 1.39e-006, 2.37e-006, 3.53e-006, 2.84e-006, 5.31e-007, 2.1e-007, 1.86e-007, 1.27e-006, 3.66e-007, 5.76e-008, 3.44e-007, 3.65e-007, 3.92e-007, 2.44e-007, 1.16e-007, 9.09e-007, 4.95e-007, 5.95e-008, 1.44e-008, 4.04e-009, 1.6e-009, 2.01e-009, 2.1e-009, 1.59e-009, 1.4e-009, 4.64e-009, 6.78e-009, 3.26e-009, 3.31e-009, 6.35e-010, 2.28e-009, 1.84e-010, 1.05e-009, 2.74e-010, 6.47e-010, 6.29e-010, 1.19e-009, 9.82e-010, 4.33e-011, 6.13e-011, 2.94e-011, 4.34e-011, 2.66e-011, 2.15e-011, 2.89e-011, 4.85e-011, 4.19e-011, 7.7e-012, 2.85e-012, 3.6e-012, 3.12e-012, 4.68e-013, 3.02e-012, 7.23e-013, 4.03e-013, 1.56e-013, 4.3e-014, 5.62e-014, 7.11e-014, 5.8e-015, 1.37e-014, 2.63e-015, 7.36e-016, 5.07e-015, 1.15e-015, 6.31e-016, 1.19e-015, 7.3e-016, 5.38e-016, 4.21e-016, 3.31e-016, 2.78e-016
13:44:15, 5.94, 78.9, 366, 312, 55.3, 116, 120, 37.9, 48.7, 35.5, 6.07, 1.82, 0.745, 1.62, 2.13, 0.711, 1.57, 4, 3.69, 1.74, 4.46, 1.8, 2.19, 3.76, 2.24, 1.22, 2.03, 1.63, 1.65, 2.28, 1.96, 4.54, 14.5, 8.08, 0.0821, 0.372, 0.267, 0.112, 0.565, 0.942, 1.15, 4.32, 7.5, 2.72, 1.97, 3.2, 0.977, 0.0258, 0.24, 0.113, 0.47, 0.743, 0.969, 0.323, 0.387, 0.187, 3.6, 5.17, 1.24, 0.887, 1.03, 0.135, 3.49, 1.2, 2.08, 2.03, 1.32, 0.493, 0.228, 0.0453, 0.823, 1.93, 4.18, 3.72, 0.0608, 0.587, 0.464, 1.75, 0.824, 0.279, 0.815, 0.629, 0.653, 1.42, 1.17, 0.133, 0.0847, 0.166, 0.833, 1.14, 1.35, 2.03, 1.51, 0.579, 0.366, 0.221, 0.424, 0.128, 1.98, 23.1, 18.6, 0.209, 0.631, 0.261, 1.42, 1.65, 1.09, 0.663, 0.0457, 0.148, 0.0942, 0.0234, 0.0626, 0.0581, 0.00701, 0.123, 0.293, 0.421, 0.332, 0.117, 0.17, 0.174, 0.307, 0.209, 0.169, 0.0511, 0.0393, 0.0681, 0.0402, 0.0187, 0.00327, 0.0106, 0.0169, 0.00675, 0.0119, 0.0234, 0.00906, 0.0229, 0.021, 0.000744, 0.00432, 0.00315, 0.00411, 0.000923, 0.00103, 0.00126, 0.00324, 0.00103, 0.00249, 0.0072, 0.00765, 0.000843, 0.000189, 2.86e-005, 0.000131, 0.000317, 0.000568, 0.000913, 0.00102, 0.000354, 0.000132, 0.000151, 5.85e-005, 9.84e-005, 9.79e-005, 6.48e-005, 8.75e-005, 0.000102, 9.77e-006, 1.57e-005, 3.78e-005, 2.44e-005, 2.71e-005, 4.38e-005, 1.85e-005, 3.7e-006, 1.74e-005, 1.01e-005, 1.17e-005, 7.61e-006, 1.64e-006, 7.78e-008, 1.02e-006, 2.34e-006, 2.28e-007, 8.89e-007, 1.51e-006, 1.74e-006, 9.08e-007, 2.53e-007, 1.58e-007, 1.43e-006, 9.18e-007, 2.85e-007, 3.61e-007, 3.39e-007, 1.47e-007, 1.68e-007, 1.54e-007, 7.29e-007, 4.65e-007, 4.98e-008, 8.88e-009, 1.7e-008, 8.8e-009, 9.47e-009, 2.53e-009, 2.31e-009, 2.13e-009, 5.18e-009, 6.76e-009, 1.2e-009, 4.28e-009, 3.41e-009, 1.82e-009, 2.55e-010, 9.14e-010, 9.05e-010, 2.25e-010, 2.45e-010, 1.15e-009, 6.72e-010, 3.37e-011, 3.33e-011, 1.17e-010, 1.05e-010, 4.67e-011, 2.48e-011, 2.32e-011, 4.91e-011, 3.91e-011, 2.52e-013, 6.09e-013, 4.77e-013, 6.13e-012, 1.4e-012, 3.24e-012, 1.21e-012, 7.4e-013, 4.48e-013, 1.45e-013, 4.08e-013, 1.46e-014, 2.24e-013, 6.84e-014, 1.11e-013, 6.35e-014, 9.15e-014, 6.28e-014, 7.25e-014, 6.19e-014, 6.01e-014, 5.72e-014, 5.52e-014, 5.37e-014, 5.28e-014
13:44:15, 10.5, 57.2, 286, 227, 0.603, 32.6, 43.7, 13.3, 23.7, 20.4, 1.33, 0.661, 1.33, 2.95, 3.74, 0.415, 6.12, 11, 5.96, 0.249, 3.85, 0.128, 3.88, 6.22, 3.15, 1.19, 1.89, 0.152, 2.22, 1.77, 0.173, 0.629, 6.03, 7.61, 0.91, 0.56, 0.123, 0.675, 1.73, 1.36, 1.49, 4.67, 6.72, 2.44, 1.57, 3.45, 0.76, 0.0395, 0.0513, 0.019, 0.701, 1.01, 0.622, 0.124, 0.17, 0.0717, 2.71, 4.47, 0.378, 0.917, 1.07, 0.332, 2.38, 0.54, 1.59, 0.93, 0.891, 0.32, 0.136, 0.126, 0.736, 0.965, 2.71, 2.43, 0.555, 0.693, 0.824, 2.2, 2.08, 0.225, 0.871, 0.0609, 0.159, 0.722, 0.973, 0.044, 0.245, 0.539, 0.365, 0.843, 1.32, 1.43, 0.687, 0.438, 0.637, 0.702, 0.705, 0.142, 2.04, 23.3, 18.5, 0.42, 0.21, 0.00636, 0.933, 1.4, 1.52, 0.946, 0.222, 0.0201, 0.0616, 0.00808, 0.0916, 0.127, 0.0366, 0.175, 0.489, 0.455, 0.193, 0.015, 0.172, 0.361, 0.218, 0.0684, 0.117, 0.0584, 0.0616, 0.0921, 0.0598, 0.0215, 0.00236, 0.0152, 0.0144, 0.00234, 0.00597, 0.0129, 0.00124, 0.0204, 0.0267, 0.00732, 0.00322, 0.000869, 0.00524, 3.6e-005, 0.00176, 0.000298, 0.0023, 2.54e-006, 0.00277, 0.0118, 0.00659, 0.000369, 0.000764, 0.000249, 0.000414, 0.000491, 0.000108, 0.00061, 0.000857, 0.000535, 0.000324, 7.35e-005, 2.22e-005, 5.21e-005, 0.000111, 5.2e-005, 4.36e-005, 7.83e-005, 5.45e-006, 7.48e-006, 2.47e-005, 1.41e-005, 1.58e-005, 5.16e-005, 2.07e-005, 2.94e-006, 1.35e-005, 1.54e-005, 9.13e-006, 3.61e-006, 1.72e-006, 3.47e-007, 1.61e-006, 2.03e-006, 9.49e-008, 2.47e-007, 2.45e-007, 7.41e-007, 6.53e-007, 3.98e-007, 4.41e-007, 1.19e-006, 1.44e-006, 3.84e-007, 2.11e-007, 2.24e-007, 1.97e-008, 1.28e-007, 2.32e-007, 4.83e-007, 2.22e-007, 7.44e-008, 1.99e-008, 2.49e-008, 2.55e-008, 2.52e-008, 5.9e-009, 3.46e-009, 4.69e-009, 7.31e-009, 5.03e-009, 1.23e-010, 4.84e-009, 5.31e-009, 2e-009, 3.07e-010, 7.24e-010, 1.04e-009, 1.07e-010, 7.58e-011, 6.1e-010, 4.92e-010, 3.9e-011, 3.23e-011, 1.45e-010, 1.97e-010, 3.92e-011, 1.59e-011, 5.33e-012, 3.76e-011, 2.64e-011, 4.3e-013, 1.65e-012, 2.01e-012, 4.91e-012, 3.1e-012, 2.27e-012, 4.76e-013, 1.03e-012, 1.88e-013, 4.2e-013, 1.94e-013, 7.54e-014, 2.14e-013, 9.55e-014, 1.02e-013, 1.07e-013, 8.04e-014, 1.08e-013, 8.32e-014, 9.33e-014, 8.88e-014, 8.76e-014, 8.67e-014, 8.61e-014, 8.57e-014
13:44:15, 0.114, 18.9, 151, 187, 22, 2.05, 6.44, 20.9, 20.6, 18.3, 3.67, 3.23, 1.8, 4.66, 6.91, 4.42, 14.2, 16.5, 6.76, 1.92, 4.44, 0.734, 3.25, 6.56, 3.58, 0.265, 1.73, 0.125, 1.65, 1.48, 0.12, 0.663, 1.74, 4.47, 4.52, 1.5, 0.674, 2.27, 3.03, 1.08, 0.934, 2.94, 4.07, 1.52, 0.622, 3.51, 0.494, 0.0853, 0.00337, 0.183, 0.958, 0.719, 0.17, 0.283, 0.202, 0.316, 1.71, 3.05, 0.478, 0.619, 1.09, 0.739, 1.26, 1.93, 2.15, 0.0593, 0.389, 0.324, 0.505, 0.764, 0.472, 0.164, 1.09, 0.964, 1.63, 1.25, 0.804, 1.82, 2.79, 1.37, 1.21, 0.179, 0.0216, 0.396, 0.416, 0.3, 0.66, 1.1, 0.0224, 0.505, 0.498, 0.612, 0.186, 0.138, 0.585, 0.967, 0.8, 0.43, 1.2, 20.6, 21.2, 1.03, 0.0327, 0.14, 0.526, 0.59, 1.04, 1.13, 0.335, 0.006, 0.0392, 0.00441, 0.117, 0.157, 0.071, 0.197, 0.498, 0.248, 0.0712, 0.0127, 0.15, 0.415, 0.0849, 0.00315, 0.0585, 0.0234, 0.0609, 0.0845, 0.0351, 0.0297, 0.00118, 0.0271, 0.00828, 0.00263, 0.0114, 0.00694, 0.000397, 0.0103, 0.0313, 0.0101, 0.00237, 0.00194, 0.00731, 0.00269, 0.0028, 0.00138, 0.00241, 0.000333, 0.00128, 0.0144, 0.0082, 0.000643, 0.0019, 0.000923, 0.000744, 0.000514, 6.12e-005, 0.00037, 0.000344, 0.000474, 0.000465, 6.31e-005, 1.42e-005, 6.42e-006, 9.51e-005, 3.91e-005, 2.84e-005, 5.22e-005, 7.25e-006, 5.23e-006, 1.11e-005, 3.39e-006, 2.39e-006, 4.66e-005, 2.68e-005, 7.09e-006, 5.05e-006, 1.29e-005, 3.55e-006, 1.94e-006, 2.41e-007, 1.93e-006, 1.93e-006, 1.35e-006, 5.68e-007, 1.52e-007, 3.66e-007, 7.56e-007, 2.61e-008, 6.1e-007, 3.69e-007, 6.62e-007, 1.52e-006, 3.48e-007, 1.09e-007, 2.25e-007, 4.57e-008, 5.07e-008, 1.21e-007, 2.9e-007, 4.03e-008, 1.03e-007, 4.38e-008, 7.19e-009, 5.3e-008, 4.32e-008, 6.85e-009, 3.67e-009, 6.52e-009, 4.7e-009, 4.85e-009, 1.21e-009, 3.55e-009, 4.44e-009, 2.01e-009, 4.62e-011, 4.37e-010, 6.56e-010, 3.66e-010, 1.86e-011, 4.66e-010, 2.73e-010, 2.53e-011, 3.49e-012, 2.05e-010, 2.03e-010, 2.82e-011, 7.25e-012, 3.19e-012, 2.54e-011, 1.76e-011, 1.89e-012, 9.56e-013, 3.61e-012, 3.12e-012, 3.45e-012, 3.51e-013, 1.74e-013, 6.18e-013, 4.5e-013, 1.71e-015, 2.91e-013, 1.9e-013, 1.27e-014, 6.59e-014, 7.72e-014, 4.71e-014, 3.24e-014, 2.65e-014, 2.49e-014, 1.54e-014, 1.14e-014, 7.63e-015, 4.54e-015, 2.36e-015, 1.07e-015
13:44:15, 24.4, 9.93, 70.4, 173, 28, 0.0746, 3.22, 18, 16.4, 14.2, 10.8, 5.29, 1.68, 3.6, 9.64, 11.4, 19.2, 14.1, 5.15, 4.91, 4.85, 3.01, 1.47, 4.32, 4.46, 0.798, 1.46, 0.469, 0.942, 1.91, 0.548, 1.01, 0.399, 2.01, 7.9, 3.77, 2.07, 3.24, 3.32, 0.688, 0.528, 0.762, 1.91, 0.671, 0.604, 4.05, 0.71, 0.246, 0.0717, 0.299, 1.12, 0.347, 0.0259, 0.276, 0.493, 0.122, 1.02, 1.68, 0.725, 0.4, 0.873, 0.44, 0.484, 2.61, 3.18, 0.968, 0.486, 0.422, 1.65, 1.23, 0.163, 0.138, 0.416, 0.16, 1.52, 1.99, 0.123, 1.4, 1.83, 2.54, 1.82, 0.432, 0.0838, 0.357, 0.102, 0.467, 1.5, 1.5, 0.304, 0.186, 0.0963, 0.101, 0.175, 0.0359, 0.321, 0.809, 0.403, 0.73, 0.0738, 18.4, 25.3, 1.45, 0.221, 0.0707, 0.42, 0.0419, 0.434, 0.755, 0.415, 0.0484, 0.0209, 0.0265, 0.114, 0.143, 0.0432, 0.148, 0.335, 0.0656, 0.033, 0.00585, 0.193, 0.322, 0.0298, 0.0051, 0.0323, 0.00384, 0.0366, 0.0565, 0.00332, 0.0365, 0.0209, 0.0339, 0.0155, 0.0083, 0.0156, 0.0039, 0.00169, 0.00537, 0.0329, 0.00611, 0.00262, 0.00525, 0.00797, 0.00713, 0.00414, 0.00296, 0.00244, 0.00109, 0.000831, 0.0153, 0.0117, 0.00221, 0.00221, 0.00178, 0.000578, 0.00034, 0.000315, 0.000182, 9.39e-005, 0.000155, 0.000604, 5.37e-005, 3.35e-005, 2.41e-005, 0.000103, 5.65e-005, 2.57e-005, 3.06e-005, 7.11e-006, 6.05e-006, 4.28e-006, 3.21e-008, 3.73e-006, 4.14e-005, 2.33e-005, 8.18e-006, 7.89e-007, 1.05e-005, 3.62e-006, 2.55e-006, 9.68e-007, 3.48e-006, 1.79e-006, 3.44e-007, 1.91e-006, 1.45e-006, 2.22e-006, 1.51e-006, 2.16e-007, 3.92e-007, 1.84e-007, 2.39e-007, 1.18e-006, 3.58e-007, 1.42e-007, 2.74e-007, 9.6e-008, 4.57e-009, 2.41e-008, 1.73e-007, 1.14e-007, 1.55e-007, 5.21e-008, 2.41e-009, 5.33e-008, 7.15e-008, 5.16e-009, 8.45e-009, 4.48e-009, 2.68e-009, 3.87e-009, 1.2e-009, 2.05e-009, 1.84e-009, 1.76e-009, 1.95e-010, 1.56e-010, 4.26e-010, 4.65e-010, 1.14e-010, 5.71e-010, 3.07e-010, 4.51e-011, 3.88e-011, 2.23e-010, 1.63e-010, 1.74e-011, 3.42e-012, 1.31e-011, 2.55e-011, 6.25e-012, 3.81e-013, 1.43e-012, 1.18e-012, 2.92e-012, 5.28e-013, 2.75e-013, 2.23e-013, 8.99e-014, 2.73e-014, 6.55e-014, 1.03e-013, 7.6e-014, 3.24e-016, 5.34e-014, 1.25e-014, 1.81e-014, 1.95e-014, 2.37e-014, 1.71e-014, 1.8e-014, 1.8e-014, 1.8e-014, 1.77e-014, 1.76e-014, 1.76e-014
13:44:15, 0.457, 0.339, 49.3, 128, 31.3, 0.37, 4.29, 10.5, 5.32, 7.56, 11.8, 6.3, 0.585, 2.33, 8.24, 12.4, 14.8, 8.64, 1.47, 5.39, 3.75, 3.15, 0.812, 3.32, 5.68, 1.6, 1.26, 0.213, 0.607, 1.48, 1.41, 0.569, 0.243, 1.71, 8.29, 6.22, 1.76, 3.12, 2.08, 0.614, 0.791, 0.22, 1.17, 0.493, 1.01, 5.09, 2.52, 0.682, 0.161, 0.188, 1.16, 0.346, 0.00941, 0.17, 0.859, 0.109, 0.643, 0.588, 0.492, 0.124, 0.507, 0.0997, 0.122, 2, 3.33, 2.21, 1.28, 1.52, 2.71, 1.11, 0.0595, 0.284, 0.458, 0.258, 0.498, 2.4, 0.529, 1.17, 0.376, 2.45, 1.89, 0.58, 0.0607, 0.326, 0.254, 0.708, 2.1, 1.3, 0.702, 0.212, 0.122, 0.214, 0.482, 0.058, 0.313, 0.34, 0.132, 0.281, 0.51, 18.7, 28.1, 3.06, 0.301, 0.00384, 0.354, 0.16, 0.139, 0.277, 0.376, 0.0665, 0.009, 0.0294, 0.0883, 0.086, 0.00531, 0.0855, 0.132, 0.0724, 0.0426, 0.0178, 0.205, 0.22, 0.03, 0.0138, 0.0215, 0.0135, 0.0254, 0.0191, 0.00798, 0.046, 0.0486, 0.0218, 0.0257, 0.0236, 0.015, 0.000605, 0.00248, 0.00722, 0.0326, 0.00801, 0.00417, 0.00444, 0.00645, 0.00815, 0.00376, 0.00264, 0.00186, 0.00109, 0.00194, 0.0152, 0.0131, 0.00229, 0.00156, 0.00196, 0.000266, 0.000179, 0.000442, 5.47e-005, 4.19e-005, 0.000139, 0.000622, 0.000189, 0.000134, 0.000125, 8.83e-005, 6.19e-005, 1.27e-005, 1.38e-005, 9.96e-006, 1.16e-005, 2.8e-006, 1.02e-006, 1.06e-005, 4.7e-005, 1.04e-005, 4.79e-006, 4.9e-006, 1.36e-005, 1.09e-005, 4.84e-006, 3.78e-006, 2.91e-006, 1.45e-006, 4.67e-007, 4.44e-006, 5.41e-006, 4.58e-006, 2.19e-006, 9e-007, 1.28e-007, 1.19e-007, 3.37e-007, 7.19e-007, 2.57e-007, 2.46e-007, 2.2e-007, 8.3e-008, 4.97e-008, 7.1e-008, 2.53e-007, 3.25e-007, 2.18e-007, 6.53e-008, 1.52e-009, 4.77e-008, 8.95e-008, 1.82e-008, 1.59e-008, 6.96e-009, 3.8e-009, 2.07e-009, 1.79e-010, 9.38e-010, 4.48e-010, 7.68e-010, 1.26e-009, 4.36e-010, 6.67e-010, 1.42e-010, 4.16e-010, 7.88e-010, 4.08e-010, 1.28e-010, 1.28e-010, 2.28e-010, 6.92e-011, 1.67e-011, 6.35e-012, 1.7e-011, 2.24e-011, 1.15e-012, 1.82e-012, 9e-013, 5.68e-013, 3.27e-012, 4.02e-013, 3.26e-014, 1.05e-012, 3.43e-013, 1.36e-013, 3.69e-013, 1.96e-013, 1.98e-013, 1.43e-013, 2.37e-013, 1.07e-013, 1.33e-013, 1.28e-013, 1.07e-013, 1.1e-013, 1.06e-013, 9.73e-014, 9.5e-014, 9.17e-014, 8.97e-014, 8.85e-014
13:44:15, 3.54, 1.19, 32.7, 76.6, 36.7, 2.15, 2.34, 4.69, 0.769, 2.2, 7.44, 3.82, 1.21, 2.02, 3.47, 7.35, 5.3, 5.74, 0.497, 2.89, 1.81, 1.08, 1.88, 5, 6.02, 0.753, 1.23, 0.152, 0.219, 0.875, 1.31, 0.335, 0.341, 2.18, 5.01, 8.03, 0.129, 3.06, 0.506, 0.586, 0.643, 1.2, 1.68, 0.38, 0.95, 6.56, 4.47, 1, 0.316, 0.204, 1.33, 0.286, 0.0348, 0.277, 1.05, 0.61, 0.339, 0.0647, 0.242, 0.0829, 0.255, 0.0182, 0.163, 1.03, 2.18, 2.13, 1.82, 2.96, 2.68, 0.639, 0.0965, 0.353, 0.86, 0.592, 0.203, 2.38, 1.83, 0.997, 0.118, 1.58, 1.05, 0.563, 0.0671, 0.501, 0.595, 0.765, 2.02, 0.619, 0.629, 0.587, 0.468, 0.848, 0.828, 0.194, 0.301, 0.0834, 0.0273, 0.102, 1.25, 19.2, 29.1, 3.6, 0.244, 0.229, 0.396, 0.406, 0.0752, 0.165, 0.177, 0.0528, 0.00277, 0.0165, 0.0635, 0.0181, 0.0579, 0.0534, 0.0267, 0.145, 0.109, 0.115, 0.109, 0.133, 0.0447, 0.0159, 0.0115, 0.015, 0.0178, 0.00203, 0.0233, 0.0661, 0.0527, 0.00424, 0.0275, 0.0313, 0.0127, 0.000771, 0.00366, 0.0115, 0.0272, 0.016, 0.00632, 0.00159, 0.00336, 0.00695, 0.000871, 0.00197, 0.00062, 0.00105, 0.00208, 0.0143, 0.00962, 0.00104, 0.000553, 0.00155, 0.000222, 9.04e-005, 0.00034, 0.000109, 7.57e-005, 0.000254, 0.000418, 0.000501, 0.000427, 0.000258, 1.47e-005, 8.24e-005, 2.05e-006, 1.09e-005, 1.33e-005, 3.47e-005, 9.22e-006, 5.07e-006, 2.58e-005, 5.12e-005, 5.55e-006, 1.21e-006, 1.05e-005, 1.83e-005, 1.42e-005, 6.82e-006, 4.64e-006, 1.52e-006, 7.24e-007, 1.61e-006, 7.02e-006, 1.06e-005, 4.43e-006, 1.82e-006, 1.66e-006, 2.03e-007, 1.85e-007, 5.36e-007, 4.54e-007, 3.69e-008, 2.14e-007, 1.26e-007, 2.07e-008, 1.33e-007, 3.22e-007, 5.31e-007, 2.92e-007, 2.41e-007, 1.26e-007, 5e-009, 6.33e-008, 7.82e-008, 2.67e-008, 2.33e-008, 1.77e-008, 4.1e-009, 9.1e-010, 5.64e-010, 6.29e-010, 2.59e-010, 3.06e-011, 2.24e-009, 2.4e-009, 1.59e-009, 7.78e-011, 5.93e-010, 7.42e-010, 3.61e-010, 1.63e-010, 1.79e-010, 1.31e-010, 2.43e-011, 9.93e-012, 1.05e-012, 2.38e-011, 1.45e-011, 1.51e-012, 2.95e-012, 1.06e-012, 6.83e-013, 1.64e-012, 4.51e-013, 4.48e-013, 6.28e-013, 2.72e-013, 1.84e-013, 2.86e-014, 1.72e-013, 9.69e-015, 1.64e-014, 5.12e-014, 4.67e-015, 2.42e-014, 1.54e-014, 1.91e-014, 1.66e-014, 1.62e-014, 1.61e-014, 1.65e-014, 1.62e-014, 1.62e-014, 1.61e-014
13:44:16, 0.0034, 3.64, 15.6, 32.7, 34.5, 5, 0.153, 1.45, 0.959, 1.01, 3.31, 0.465, 3.14, 2.05, 1.05, 2.47, 0.643, 4.38, 2.74, 0.548, 0.486, 0.0818, 2.16, 7.05, 4.95, 0.0562, 0.989, 0.919, 0.0679, 0.812, 0.198, 1.02, 1.32, 2.14, 2.09, 8.23, 1.61, 3.31, 0.46, 0.655, 0.23, 3.14, 2.54, 0.114, 1.52, 6.4, 4.98, 0.75, 0.363, 0.95, 1.87, 0.0921, 0.145, 0.522, 1.08, 0.761, 0.144, 0.00804, 0.141, 0.258, 0.21, 0.00212, 0.12, 0.458, 0.686, 1.14, 1.14, 3.25, 2, 0.111, 0.271, 0.38, 0.942, 0.916, 0.896, 2.24, 1.62, 1.03, 0.64, 0.722, 0.315, 0.219, 0.379, 0.883, 0.965, 0.211, 1.93, 0.268, 0.556, 0.534, 0.951, 1.59, 1, 0.223, 0.15, 0.269, 0.207, 0.534, 0.351, 18.6, 28.5, 2.2, 0.422, 0.422, 0.407, 0.322, 0.213, 0.216, 0.0508, 0.0347, 0.00339, 0.0197, 0.0835, 0.0332, 0.15, 0.0541, 0.0261, 0.134, 0.223, 0.176, 0.0171, 0.0759, 0.0305, 0.0235, 0.00561, 0.0139, 0.00608, 0.000835, 0.0302, 0.0706, 0.0401, 0.00158, 0.0207, 0.0203, 0.00991, 0.00342, 0.00382, 0.0102, 0.0158, 0.018, 0.00778, 0.000142, 0.00159, 0.00738, 0.000809, 0.00214, 0.000725, 0.000979, 0.00134, 0.0121, 0.00529, 0.000261, 0.000206, 0.00105, 0.000268, 4.82e-005, 0.000219, 0.000166, 0.00014, 0.000225, 0.000159, 0.000547, 0.000886, 0.000429, 3.99e-005, 0.000119, 3.39e-005, 2.58e-005, 3.38e-005, 7.04e-005, 2.39e-005, 6.83e-006, 3.53e-005, 6.07e-005, 5.75e-006, 1.41e-006, 1.07e-005, 1.57e-005, 1.1e-005, 4.3e-006, 3.6e-006, 3.71e-007, 2.26e-007, 1.62e-006, 7.96e-006, 1.21e-005, 3.06e-006, 8.3e-007, 2.11e-006, 4.75e-007, 2.28e-007, 3.95e-007, 3.44e-007, 5.08e-008, 1.01e-007, 4.68e-008, 2.08e-008, 2.11e-007, 6.63e-007, 7.75e-007, 1.04e-007, 2.01e-007, 2.05e-007, 4.49e-008, 6.02e-008, 5.27e-008, 1.19e-008, 2.62e-008, 3.1e-008, 3.49e-009, 1.03e-009, 1.52e-009, 7.71e-010, 5.33e-010, 3.21e-010, 2.96e-009, 5.06e-009, 3.06e-009, 5.62e-010, 3.77e-010, 4.9e-010, 1.71e-010, 1.43e-010, 8.4e-011, 6.45e-011, 1.12e-011, 8.78e-012, 3.98e-012, 1.63e-011, 2.89e-011, 2.96e-012, 7.76e-012, 1.14e-012, 2.77e-012, 8.46e-014, 2.17e-012, 1.01e-012, 9.67e-013, 1.76e-012, 3.3e-013, 1.22e-012, 4.26e-013, 6.75e-013, 7.45e-013, 8e-013, 5.78e-013, 6.91e-013, 6.67e-013, 6.39e-013, 6.57e-013, 6.47e-013, 6.42e-013, 6.4e-013, 6.37e-013, 6.36e-013, 6.35e-013
13:44:16, 0.458, 4.67, 3.44, 10.2, 21.4, 6.36, 0.283, 0.285, 1.27, 0.354, 1.53, 0.215, 3.77, 3.2, 1.84, 1.2, 0.566, 2.37, 4.19, 0.511, 0.511, 0.182, 1.08, 7, 3.62, 0.242, 0.637, 1.76, 0.862, 1.49, 0.282, 2.05, 3.71, 2.72, 3.02, 7.13, 3.7, 3.53, 2.13, 1.05, 0.959, 4.5, 3.7, 0.204, 2.24, 4.36, 3.22, 0.741, 0.484, 2.42, 2.38, 0.309, 0.296, 0.559, 0.744, 0.457, 0.0887, 0.0236, 0.123, 0.185, 0.254, 0.114, 0.00529, 0.214, 0.0505, 0.5, 0.322, 1.98, 1.44, 0.0626, 0.352, 0.224, 0.611, 0.9, 1.78, 1.4, 0.614, 0.781, 0.817, 0.136, 0.137, 0.0709, 0.496, 1.28, 0.987, 0.107, 1.86, 1.04, 0.581, 0.096, 1.21, 1.76, 0.695, 0.188, 0.0843, 0.666, 0.661, 1.2, 0.192, 19.1, 27, 1.35, 0.105, 0.674, 0.177, 0.216, 0.272, 0.204, 0.0746, 0.0473, 0.0374, 0.0757, 0.148, 0.11, 0.172, 0.104, 0.0251, 0.0846, 0.245, 0.159, 0.00802, 0.0409, 0.0168, 0.0237, 0.0335, 0.0302, 0.000834, 0.00937, 0.0339, 0.0433, 0.0225, 0.0174, 0.00786, 0.00992, 0.00254, 0.00596, 0.00141, 0.00516, 0.00554, 0.00971, 0.0105, 0.000489, 0.00473, 0.0104, 0.00426, 0.00253, 0.0021, 0.000953, 0.00131, 0.00832, 0.00474, 0.000202, 0.000709, 0.00048, 0.00019, 4.45e-006, 0.000169, 8.13e-005, 0.000179, 9.91e-005, 2.4e-005, 0.00032, 0.00106, 0.000652, 0.000195, 0.000125, 6.49e-005, 4.58e-005, 5.86e-005, 9.3e-005, 4.34e-005, 1.82e-006, 3.74e-005, 7.05e-005, 1.11e-005, 4.74e-006, 6.62e-006, 7.1e-006, 5.87e-006, 8.2e-007, 1.92e-006, 2.38e-007, 2.98e-008, 8.71e-007, 5.92e-006, 8.57e-006, 2.85e-006, 8.41e-007, 1.82e-006, 5.45e-007, 1.45e-007, 1.29e-007, 2.79e-007, 1.86e-007, 6.48e-008, 2.84e-008, 1.37e-007, 3.26e-007, 6.12e-007, 8.51e-007, 1.08e-007, 1.51e-007, 2.12e-007, 9.65e-008, 2.6e-008, 2.54e-008, 3.64e-009, 2.19e-008, 3.95e-008, 6.41e-009, 1.83e-009, 1.51e-009, 6.1e-010, 6.02e-010, 1.31e-009, 3e-009, 5.43e-009, 4.17e-009, 1.19e-009, 4.23e-011, 2.78e-010, 6.14e-011, 6.64e-011, 3.48e-011, 9.28e-012, 3.28e-011, 6.48e-012, 4.76e-012, 1.7e-011, 3.83e-011, 1.09e-011, 9.28e-012, 5.75e-013, 2.54e-013, 1.99e-012, 6.56e-013, 1.16e-012, 6.24e-013, 1.46e-012, 4e-013, 2.81e-013, 7.66e-013, 5.12e-013, 4.85e-013, 5.86e-013, 4.57e-013, 4.89e-013, 4.86e-013, 5.02e-013, 4.67e-013, 4.76e-013, 4.74e-013, 4.7e-013, 4.68e-013, 4.66e-013, 4.66e-013
13:44:16, 0.0163, 2.71, 1.49, 4.81, 6.39, 8.14, 1.61, 1.25, 2.55, 1.2, 0.263, 1.22, 4.73, 4.76, 2.61, 0.707, 0.843, 0.632, 3.86, 3.11, 1.41, 0.177, 0.827, 4.82, 2.8, 0.16, 0.493, 1.66, 2.44, 2.26, 1.84, 3.18, 4.05, 4.37, 5.42, 4.86, 2.21, 3.34, 2.97, 1.58, 1.74, 4.13, 4.31, 1.17, 1.98, 1.92, 1.02, 1.17, 1.04, 3.31, 2.36, 0.618, 0.413, 0.243, 0.37, 0.125, 0.0772, 0.0127, 0.126, 0.0253, 0.283, 0.226, 0.0627, 0.167, 0.206, 0.383, 0.513, 0.578, 0.918, 0.562, 0.321, 0.0267, 0.381, 0.364, 2.09, 0.506, 0.179, 0.154, 0.867, 0.0526, 0.32, 0.048, 0.394, 1.21, 0.685, 0.582, 1.74, 1.69, 0.6, 0.0498, 1.01, 1.16, 0.313, 0.144, 0.345, 0.941, 1.21, 0.956, 1.4, 21.1, 26.7, 1.37, 0.0817, 0.554, 0.229, 0.271, 0.116, 0.175, 0.148, 0.0568, 0.0802, 0.173, 0.206, 0.104, 0.133, 0.146, 0.0136, 0.073, 0.122, 0.128, 0.0379, 0.0134, 0.0294, 0.037, 0.0853, 0.0747, 0.0256, 0.0247, 0.0147, 0.0279, 0.00324, 0.0378, 0.00477, 0.0111, 0.00152, 0.00702, 1.57e-005, 0.00138, 0.000854, 0.00259, 0.0132, 0.00523, 0.00988, 0.0127, 0.00571, 0.00188, 0.00262, 0.00187, 0.000501, 0.00582, 0.00639, 0.000914, 0.000542, 0.000186, 8.64e-005, 1.67e-005, 0.00013, 2.37e-005, 0.000182, 4.94e-005, 2.17e-006, 0.000197, 0.000714, 0.000701, 0.000309, 7.33e-005, 5.54e-005, 5.43e-005, 3.93e-005, 9.1e-005, 5.16e-005, 2.4e-006, 3.43e-005, 6.91e-005, 1.99e-005, 5.77e-006, 3.76e-006, 2.58e-006, 3.63e-006, 1.11e-007, 7.17e-007, 5.79e-007, 2.98e-008, 3.57e-007, 3.06e-006, 3.3e-006, 3.21e-006, 1.38e-006, 9.91e-007, 3.46e-007, 4.36e-008, 3.61e-009, 2e-007, 1.79e-007, 7.11e-008, 4.98e-008, 2.47e-007, 4.96e-007, 1.37e-007, 9.03e-007, 3.38e-007, 4.77e-008, 1.82e-007, 7.79e-008, 6.01e-009, 6.23e-009, 9.12e-009, 1.79e-008, 3.78e-008, 1.11e-008, 1.42e-009, 1.08e-009, 2.19e-010, 4.16e-010, 2.16e-009, 1.71e-009, 3.34e-009, 3.81e-009, 1.36e-009, 3.54e-011, 1.03e-010, 1.35e-010, 3.13e-011, 6e-012, 9.47e-012, 6.61e-011, 2.46e-011, 2.57e-012, 2.41e-011, 3.02e-011, 1.88e-011, 2.52e-012, 8.3e-013, 1.02e-013, 1.32e-012, 5.7e-013, 1.81e-012, 4.75e-013, 7.29e-014, 3.49e-013, 2.23e-013, 1.73e-013, 1.11e-013, 7.55e-014, 1.12e-013, 1.11e-013, 8.8e-014, 9.72e-014, 8.5e-014, 9.75e-014, 8.63e-014, 8.79e-014, 8.62e-014, 8.54e-014, 8.49e-014, 8.45e-014
13:44:16, 1.19, 5.24, 6.01, 2.76, 1.15, 4.88, 5.52, 5.26, 5.72, 3.32, 0.498, 2.28, 5.2, 3.45, 2.31, 0.608, 0.954, 0.167, 3.86, 6.25, 2.89, 0.35, 0.489, 2.62, 2.65, 0.127, 0.167, 1.6, 3.09, 1.69, 3.46, 3.34, 1.76, 4.92, 4.75, 2.32, 0.212, 2.12, 2.08, 1.43, 1.31, 2.24, 3.78, 1.67, 0.994, 0.579, 0.118, 0.96, 1.83, 2.45, 1.8, 0.406, 0.442, 0.0448, 0.212, 0.0163, 0.0686, 0.0548, 0.0732, 0.00619, 0.302, 0.255, 0.0757, 0.306, 0.36, 0.403, 0.789, 0.0867, 0.48, 0.926, 0.223, 0.108, 0.352, 0.3, 1.69, 0.391, 0.074, 0.12, 0.944, 0.663, 0.675, 0.101, 0.493, 0.634, 0.332, 0.634, 1.31, 1.45, 0.367, 0.321, 0.799, 0.278, 0.321, 0.18, 0.884, 0.872, 0.775, 0.978, 0.989, 22.8, 28.1, 1.6, 0.169, 0.363, 0.539, 0.441, 0.116, 0.189, 0.16, 0.0354, 0.0761, 0.242, 0.21, 0.0277, 0.053, 0.138, 0.0528, 0.0549, 0.0355, 0.0676, 0.0782, 0.00828, 0.0642, 0.0485, 0.081, 0.148, 0.0909, 0.033, 0.00289, 0.0254, 0.0106, 0.0413, 0.0228, 0.0235, 0.0194, 0.0113, 0.000773, 0.00145, 0.00111, 0.000241, 0.0158, 0.0141, 0.00777, 0.0119, 0.00398, 0.000597, 0.00195, 0.00178, 0.000143, 0.00506, 0.00808, 0.00125, 0.000232, 5.86e-006, 0.000106, 3.35e-006, 0.000149, 0.000126, 0.000215, 0.000113, 1.5e-005, 0.000189, 0.000272, 0.000437, 0.000252, 2.99e-005, 2.48e-005, 4.48e-005, 8.91e-006, 6.41e-005, 3.78e-005, 1.25e-005, 2.3e-005, 5.23e-005, 2.43e-005, 2.4e-006, 4.49e-006, 5.34e-006, 6e-006, 4.48e-007, 1.25e-006, 1.1e-006, 1.34e-007, 3.16e-007, 1.31e-006, 4.37e-007, 2.3e-006, 1.01e-006, 3.46e-007, 2.01e-007, 2.93e-008, 6.92e-008, 1.6e-007, 4.89e-008, 9.52e-008, 1.6e-008, 3.27e-007, 5.01e-007, 4.01e-008, 9.91e-007, 5.64e-007, 2.63e-009, 1.36e-007, 3.92e-008, 8.04e-010, 1.64e-009, 1.28e-008, 9.76e-009, 2.91e-008, 1.33e-008, 2.37e-010, 1.04e-009, 7.92e-011, 4.38e-010, 3.34e-009, 6.62e-011, 1.88e-009, 1.36e-009, 1.87e-009, 2.12e-010, 3.14e-011, 2.65e-010, 3.96e-011, 5.17e-012, 4.84e-011, 9.61e-011, 2.43e-011, 1.19e-011, 2.96e-011, 1.63e-011, 1.01e-011, 1.93e-012, 5.98e-013, 6.86e-014, 7.42e-013, 2.54e-012, 2.16e-012, 6.18e-013, 5.02e-013, 1.66e-013, 4.51e-014, 2.05e-014, 2.78e-014, 3.11e-015, 1.98e-016, 6.43e-015, 2.51e-015, 2.49e-015, 4.86e-016, 2.73e-015, 9.94e-016, 1.14e-015, 9.78e-016, 8.62e-016, 7.9e-016, 7.46e-016
13:44:16, 8.24, 8.79, 10.6, 2.04, 0.548, 1.38, 9.13, 7.72, 7.9, 5.18, 1.6, 3.45, 3.02, 1.87, 0.379, 2.3, 2.92, 2.17, 2.83, 6.69, 5.14, 0.546, 0.52, 0.434, 3.56, 1.55, 0.284, 1.23, 3.32, 0.0871, 4.89, 1.94, 0.402, 2.84, 2.39, 0.574, 0.312, 1.17, 0.496, 0.726, 0.502, 0.336, 2.95, 0.763, 0.359, 0.311, 0.103, 0.34, 1.73, 0.846, 1.1, 0.0465, 0.317, 0.224, 0.252, 0.0689, 0.0376, 0.121, 0.0378, 0.0264, 0.366, 0.362, 0.0356, 0.595, 0.325, 0.24, 0.813, 0.18, 0.246, 0.812, 0.243, 0.166, 0.757, 0.941, 0.84, 0.674, 0.103, 0.173, 1.16, 1.36, 0.772, 0.42, 0.534, 0.196, 0.0511, 0.302, 0.496, 0.961, 0.0708, 0.557, 0.496, 0.00305, 0.345, 0.563, 1.12, 0.451, 0.229, 0.889, 0.312, 22.9, 29.3, 2.37, 0.0114, 0.226, 0.692, 0.471, 0.299, 0.298, 0.0957, 0.00726, 0.0379, 0.193, 0.254, 0.0246, 0.00746, 0.138, 0.126, 0.0135, 0.02, 0.0482, 0.152, 0.0645, 0.0855, 0.0285, 0.0406, 0.18, 0.158, 0.0352, 0.00898, 0.0243, 0.0293, 0.0331, 0.031, 0.0406, 0.0417, 0.0207, 0.00547, 0.00655, 0.00735, 0.00387, 0.0257, 0.0157, 0.00246, 0.00777, 0.00227, 7.42e-005, 0.000811, 0.00081, 0.000626, 0.00571, 0.00853, 0.000784, 0.000159, 0.000121, 0.000187, 6.77e-005, 0.000101, 0.000245, 0.00032, 0.000109, 5.57e-005, 0.00013, 4.24e-005, 0.000186, 0.0001, 2.63e-005, 2.78e-005, 3.05e-005, 7.7e-006, 3.22e-005, 1.52e-005, 1.52e-005, 6.96e-006, 3.26e-005, 1.89e-005, 4.26e-008, 6.12e-006, 9.29e-006, 8.49e-006, 2.9e-006, 2.84e-006, 1.85e-006, 4.19e-007, 5.36e-007, 4.64e-007, 1.95e-007, 1.3e-006, 1.79e-007, 5.66e-008, 1.85e-007, 1.16e-007, 1.68e-007, 1.9e-007, 1.92e-008, 1.4e-007, 2.68e-008, 2.86e-007, 3.69e-007, 3.45e-007, 1.03e-006, 7.08e-007, 9.26e-008, 7.53e-008, 2.52e-008, 1.36e-009, 8.99e-009, 9.58e-009, 1.52e-009, 1.77e-008, 1.31e-008, 1.26e-009, 3.06e-009, 1.22e-009, 2.73e-009, 3.48e-009, 8.29e-010, 1.17e-009, 5.62e-011, 2.24e-009, 7.65e-010, 3.12e-010, 4.18e-010, 4.35e-011, 4.11e-012, 1.12e-010, 1.69e-010, 7.16e-012, 4.21e-011, 3.08e-011, 2.03e-012, 8.19e-012, 9.18e-013, 6.96e-013, 4.81e-013, 1.4e-012, 3.41e-012, 2.01e-012, 1.13e-012, 7.54e-014, 6.85e-013, 1.47e-014, 3.43e-014, 1.54e-013, 5.4e-014, 5.97e-014, 4.51e-014, 5.85e-014, 5.7e-014, 6.21e-014, 5.16e-014, 5.37e-014, 5.36e-014, 5.3e-014, 5.26e-014, 5.23e-014, 5.22e-014
13:44:16, 1.42, 6.36, 19.6, 0.53, 2.15, 2.8, 17.9, 1.74, 10.9, 3.81, 1.92, 3.64, 1.3, 0.879, 0.517, 5.45, 8.32, 5.15, 0.557, 4.99, 5.55, 1.92, 1.77, 0.544, 6.14, 5.01, 1.06, 0.428, 4.06, 1.4, 5.64, 1.4, 0.0739, 1.26, 0.805, 0.0238, 1.02, 1.23, 0.236, 0.449, 0.259, 0.113, 2.18, 0.635, 0.123, 0.18, 0.189, 0.0926, 1.19, 0.0214, 0.736, 0.116, 0.126, 0.379, 0.4, 0.128, 0.00882, 0.156, 0.0545, 0.042, 0.396, 0.54, 0.258, 0.78, 0.327, 0.217, 0.619, 0.386, 0.0617, 0.569, 0.566, 0.473, 1.72, 1.2, 0.163, 0.745, 0.204, 0.0753, 1.42, 1.42, 0.393, 0.802, 0.285, 0.091, 0.0118, 0.122, 0.0136, 0.814, 0.172, 0.446, 0.352, 0.0278, 0.27, 1.06, 0.637, 0.298, 0.23, 0.323, 0.987, 21.8, 28.9, 2.57, 0.00621, 0.159, 0.614, 0.196, 0.432, 0.44, 0.0247, 0.00562, 0.0275, 0.121, 0.431, 0.169, 0.0838, 0.14, 0.132, 0.0102, 0.0333, 0.107, 0.224, 0.154, 0.0611, 0.00722, 0.011, 0.149, 0.173, 0.0245, 0.0175, 0.0164, 0.0287, 0.0194, 0.0172, 0.0429, 0.048, 0.0214, 0.0115, 0.0147, 0.0168, 0.0185, 0.0371, 0.0111, 0.000314, 0.00346, 0.00213, 5.84e-005, 0.000239, 0.000408, 0.000479, 0.00639, 0.00748, 0.000721, 4.81e-005, 0.000296, 0.000531, 0.000358, 6.07e-006, 0.0004, 0.000325, 4.58e-005, 7.95e-005, 3.7e-005, 2.29e-005, 0.000115, 6.4e-005, 3.39e-005, 5.41e-005, 2e-005, 1.52e-005, 1.27e-005, 1.84e-006, 6.38e-006, 2.35e-007, 2.25e-005, 1.09e-005, 1.31e-006, 7.19e-006, 6.78e-006, 8.55e-006, 6.42e-006, 3.37e-006, 1.63e-006, 1.03e-006, 6.6e-007, 8.36e-008, 1.25e-006, 1.16e-006, 3.55e-008, 8.88e-008, 1.11e-007, 1.82e-007, 1.27e-007, 2.6e-007, 1.81e-007, 1.84e-007, 1.45e-007, 1.19e-007, 2.35e-007, 3.93e-007, 8.84e-007, 6.95e-007, 1.84e-007, 3.64e-008, 1.18e-008, 1.48e-008, 1.54e-008, 6.86e-009, 1.99e-009, 8e-009, 7.89e-009, 7.07e-009, 7.96e-009, 4.08e-009, 4.38e-009, 3.55e-009, 1.29e-009, 1.06e-009, 8.43e-010, 1.86e-009, 1.47e-009, 9.21e-010, 4.95e-010, 5.8e-011, 7.73e-012, 2.1e-010, 3.35e-010, 4.01e-011, 5.89e-011, 3.56e-011, 2.99e-012, 1.47e-011, 5.66e-012, 1.05e-012, 7.81e-013, 4.89e-012, 8.66e-013, 1.98e-012, 1.06e-012, 2.14e-013, 4.83e-013, 3.48e-013, 3.07e-013, 1.62e-013, 2.26e-013, 1.92e-013, 1.57e-013, 2.01e-013, 1.94e-013, 1.68e-013, 1.85e-013, 1.8e-013, 1.76e-013, 1.76e-013, 1.75e-013, 1.75e-013, 1.74e-013
13:44:16, 9.04, 24.2, 57.4, 17.6, 27.6, 39, 43.7, 4.56, 14.6, 0.679, 1.19, 2.36, 2.05, 1.11, 2.58, 8.35, 12.7, 7.8, 0.894, 3.81, 2.38, 5.97, 4.32, 3.7, 8.79, 8.76, 2.78, 1.31, 5.28, 4.06, 5.37, 2.41, 0.0336, 0.981, 0.674, 0.00905, 1.3, 2.51, 0.927, 0.532, 0.431, 0.678, 1.73, 1.34, 0.133, 0.176, 0.12, 0.0661, 0.99, 0.745, 0.71, 0.111, 0.111, 0.217, 0.695, 0.0673, 0.00455, 0.265, 0.176, 0.0543, 0.277, 0.745, 0.528, 0.536, 0.579, 0.436, 0.214, 0.43, 0.0242, 0.383, 0.841, 1.32, 2.41, 0.98, 0.0432, 0.754, 0.223, 0.0768, 1.33, 1.43, 0.0862, 0.925, 0.0837, 0.0865, 0.0905, 0.356, 0.504, 1.28, 0.503, 0.187, 0.321, 0.0263, 0.301, 1.22, 0.148, 0.275, 0.465, 0.315, 0.934, 20.4, 25.6, 2.21, 0.03, 0.174, 0.484, 0.0104, 0.344, 0.546, 0.0695, 0.074, 0.0701, 0.195, 0.556, 0.373, 0.179, 0.101, 0.0791, 0.069, 0.0594, 0.11, 0.253, 0.166, 0.0239, 0.00463, 0.00518, 0.0899, 0.155, 0.00781, 0.0301, 0.00457, 0.028, 0.00586, 0.00843, 0.0197, 0.042, 0.00816, 0.0132, 0.0156, 0.0225, 0.0273, 0.0376, 0.0128, 0.00019, 0.0022, 0.00201, 4.29e-005, 0.000147, 0.000467, 0.000554, 0.00481, 0.00601, 0.000816, 3.04e-005, 0.000247, 0.00125, 0.000851, 0.000164, 0.000507, 0.000324, 8.4e-006, 5.07e-005, 4.7e-006, 4.29e-005, 0.000118, 0.000125, 8.8e-005, 5.38e-005, 9.96e-006, 6.65e-006, 6.38e-006, 9.14e-007, 9.79e-007, 5.88e-006, 2.12e-005, 7.54e-006, 2.01e-006, 9.62e-006, 1.25e-006, 8.35e-006, 5.96e-006, 2.38e-006, 1.07e-006, 1.17e-006, 1.71e-006, 6.47e-007, 1.77e-006, 1.56e-006, 6.19e-007, 3.71e-007, 2.85e-009, 3.67e-007, 6.16e-009, 5.13e-007, 2.61e-007, 1.66e-007, 2.26e-007, 2.76e-008, 1.54e-007, 1.05e-007, 6.47e-007, 4.72e-007, 1.26e-007, 5.52e-008, 2.08e-008, 2.57e-008, 1.02e-008, 8.85e-009, 1.63e-009, 4.99e-009, 9.36e-010, 1.41e-008, 1.59e-008, 4.08e-009, 4.03e-009, 2.8e-009, 5.23e-010, 1.07e-009, 2.24e-009, 1.07e-009, 1.3e-009, 1.74e-009, 3.77e-010, 4.17e-011, 6.67e-011, 3.87e-010, 4.45e-010, 1.27e-010, 4.39e-011, 3.69e-011, 1.07e-011, 2.18e-011, 1.26e-011, 5.97e-012, 2.61e-012, 3.51e-012, 4.67e-013, 8.68e-013, 6.94e-013, 2.99e-013, 1.04e-013, 1.82e-013, 1.85e-013, 5.13e-014, 9.31e-014, 6.52e-014, 4.3e-014, 7.63e-014, 5.06e-014, 6.67e-014, 5.61e-014, 5.68e-014, 5.63e-014, 5.58e-014, 5.54e-014, 5.51e-014, 5.5e-014
13:44:16, 0.75, 47.2, 141, 109, 102, 113, 81.1, 29.9, 17.7, 1.18, 1.05, 2.21, 4.51, 1.17, 2.79, 11.4, 8.44, 8.57, 7.57, 4.47, 2.13, 8.72, 5.65, 5.55, 9.04, 8.26, 4.55, 4.2, 6.91, 2.33, 5.15, 3.17, 0.141, 0.824, 1.6, 0.442, 2.64, 4.06, 1.36, 0.223, 0.726, 0.729, 1.03, 1.86, 0.499, 0.369, 0.187, 0.0264, 1.04, 1.92, 1.11, 0.0301, 0.358, 0.447, 1.36, 0.104, 0.2, 0.676, 0.434, 0.0276, 0.217, 0.752, 0.403, 0.205, 0.628, 0.67, 0.00583, 0.467, 0.235, 0.137, 0.789, 1.86, 2.06, 0.671, 0.206, 0.851, 0.339, 0.0298, 1.18, 1.46, 0.644, 0.974, 0.0362, 0.0183, 0.31, 0.919, 1.89, 2.57, 0.555, 0.198, 0.141, 0.0743, 0.483, 1.35, 0.0956, 0.133, 0.619, 0.243, 0.751, 16.6, 21, 1.73, 0.00104, 0.255, 0.295, 0.0944, 0.204, 0.435, 0.336, 0.287, 0.194, 0.145, 0.579, 0.453, 0.118, 0.0906, 0.0395, 0.172, 0.0528, 0.0605, 0.191, 0.109, 0.00533, 0.00664, 0.000811, 0.0577, 0.0977, 0.032, 0.047, 0.0252, 0.0386, 0.0137, 0.00475, 0.00657, 0.0341, 0.000176, 0.0108, 0.00649, 0.0224, 0.0141, 0.0289, 0.0168, 0.000993, 0.00337, 0.00292, 0.00041, 0.00121, 0.00187, 0.000329, 0.00384, 0.00423, 0.000404, 0.000148, 0.000459, 0.00181, 0.00131, 0.000388, 0.000417, 0.0004, 8.75e-005, 3.56e-005, 1.65e-006, 3.49e-005, 8.47e-005, 0.000149, 0.000212, 5.13e-005, 9.73e-006, 1.14e-006, 3.14e-006, 3.3e-006, 9.87e-008, 1.27e-005, 2.19e-005, 6.74e-006, 3.19e-006, 1.15e-005, 2.11e-006, 8.04e-006, 5.41e-006, 1.71e-006, 2.27e-006, 2.34e-006, 3.64e-006, 1.93e-006, 1.2e-006, 1.33e-006, 1.8e-006, 1.28e-006, 4.62e-007, 1.04e-006, 5.31e-007, 8.83e-007, 1.44e-007, 1.33e-007, 1.7e-007, 3.45e-008, 1.35e-007, 5.12e-008, 5.58e-007, 2.57e-007, 4.55e-008, 1.03e-007, 5.06e-008, 1.76e-008, 4.59e-009, 6.75e-009, 2.19e-009, 6.22e-009, 4.89e-009, 2.49e-008, 2.69e-008, 3.05e-010, 4.31e-009, 5.89e-010, 4.78e-010, 1.19e-009, 3e-009, 4.38e-010, 8.23e-010, 2.19e-009, 2.53e-010, 2.33e-011, 1.18e-010, 4.56e-010, 5e-010, 1.18e-010, 1.64e-011, 3.74e-011, 2.69e-012, 3.05e-011, 2.49e-011, 5.41e-012, 3.03e-012, 2.53e-012, 6.66e-013, 6.19e-013, 3.17e-013, 3.32e-013, 2.51e-013, 1.78e-014, 8.16e-014, 7.36e-014, 2.36e-014, 4.94e-014, 8.69e-015, 2.59e-014, 1.68e-014, 1.18e-014, 1.2e-014, 8.63e-015, 7.19e-015, 5.54e-015, 4.34e-015, 3.51e-015, 3.01e-015
13:44:17, 1.24, 71.3, 239, 221, 158, 155, 98.4, 47.1, 20.7, 3.56, 2, 5.63, 6.62, 0.539, 1.99, 10.8, 2.98, 6.92, 16, 7.68, 4.76, 7.39, 4.03, 3.75, 5.89, 4.03, 4.32, 5.47, 6.65, 0.553, 4.79, 4.34, 0.0838, 1.03, 2.69, 1.87, 3.33, 4.52, 1.31, 0.0345, 0.659, 0.497, 0.425, 1.67, 1.02, 0.528, 0.165, 0.0698, 1.26, 2.02, 1.44, 0.617, 0.989, 1.62, 2.2, 0.729, 0.811, 1.42, 0.586, 0.0257, 0.24, 0.543, 0.137, 0.0118, 0.445, 0.536, 0.331, 0.779, 0.305, 0.0404, 0.401, 1.54, 0.905, 0.626, 0.0817, 1.22, 0.682, 0.135, 0.895, 1.13, 1.3, 1.21, 0.153, 0.0741, 0.623, 1.46, 2.62, 3.54, 1.33, 0.623, 0.149, 0.268, 1.01, 1.25, 0.373, 0.0149, 0.671, 0.508, 0.317, 13.1, 16.2, 0.961, 0.0752, 0.148, 0.212, 0.114, 0.146, 0.159, 0.683, 0.616, 0.263, 0.0316, 0.445, 0.464, 0.00896, 0.182, 0.138, 0.225, 0.0387, 0.0415, 0.0697, 0.0699, 0.0025, 0.00132, 0.00319, 0.0388, 0.0387, 0.053, 0.0687, 0.0731, 0.0467, 0.0218, 0.00595, 0.00974, 0.0273, 0.0155, 0.00997, 0.00399, 0.0136, 0.00135, 0.0159, 0.0152, 0.00378, 0.00344, 0.00397, 0.00241, 0.00401, 0.00528, 0.00148, 0.0058, 0.00301, 9.05e-005, 0.000258, 0.000752, 0.00179, 0.00123, 0.000414, 0.000188, 0.000522, 0.000148, 4e-005, 4.17e-006, 3.14e-005, 3.68e-005, 9.84e-005, 0.000318, 0.00012, 2.58e-005, 3.81e-006, 2.24e-007, 6.09e-006, 4.13e-006, 2.32e-005, 1.65e-005, 3.72e-006, 9.99e-006, 1.08e-005, 3.41e-006, 8.37e-006, 9.3e-006, 4.91e-006, 5.11e-006, 3.6e-006, 4.94e-006, 2.66e-006, 2.75e-007, 5.09e-007, 2.4e-006, 3.05e-006, 1.76e-006, 1.68e-006, 1.68e-006, 1.23e-006, 8.97e-008, 7.22e-008, 1.07e-007, 2.96e-008, 1.27e-007, 2.99e-007, 7.17e-007, 2.31e-007, 1.99e-008, 1.06e-007, 9.12e-008, 5.28e-009, 1.76e-009, 3.02e-009, 6.82e-009, 9.54e-009, 1.66e-008, 4.02e-008, 3.67e-008, 4.4e-009, 4.99e-009, 1.16e-010, 1.09e-009, 1.91e-009, 2.31e-009, 4.9e-010, 7.88e-010, 1.98e-009, 4.19e-010, 3.91e-011, 6.47e-011, 5.08e-010, 2.83e-010, 9.07e-011, 7.19e-013, 3.75e-011, 2.16e-012, 3.61e-011, 3.46e-011, 1.15e-012, 2.69e-012, 8.98e-013, 1.5e-012, 3.14e-013, 2.45e-013, 2.01e-013, 1.06e-013, 2.94e-014, 6.99e-014, 1e-014, 1.23e-014, 1.22e-014, 8.98e-015, 3.98e-015, 5.39e-015, 6.79e-015, 5.51e-015, 4.91e-015, 5.41e-015, 5.38e-015, 5.35e-015, 5.35e-015, 5.34e-015
13:44:17, 6.72, 84.4, 277, 231, 115, 127, 70.8, 31.4, 25, 1.65, 4.2, 12.3, 6.57, 0.269, 1.05, 7.69, 3.58, 6.77, 16.4, 11, 3.96, 4.75, 1.2, 1.37, 2.09, 0.701, 2.12, 3.31, 4.16, 2.08, 5.45, 5.14, 0.365, 1, 3.2, 3.01, 1.94, 3.6, 1.26, 0.119, 0.215, 0.622, 0.71, 0.889, 0.919, 0.742, 0.00673, 0.384, 1.47, 0.875, 1.35, 1.15, 1.73, 2.73, 2.4, 1.36, 1.25, 1.95, 0.843, 0.00356, 0.459, 0.306, 0.02, 0.0757, 0.24, 0.19, 0.784, 1.18, 0.385, 0.0707, 0.113, 1.08, 0.0399, 0.702, 0.279, 1.44, 1.03, 0.478, 0.353, 0.659, 0.79, 1.57, 0.627, 0.31, 0.608, 1.52, 1.61, 3.3, 2.33, 1.18, 0.774, 0.873, 1.26, 0.71, 0.632, 0.167, 0.959, 0.945, 0.0593, 11.2, 13.7, 0.2, 0.116, 0.167, 0.125, 0.059, 0.105, 0.0877, 0.666, 0.9, 0.204, 0.00582, 0.265, 0.435, 0.13, 0.358, 0.305, 0.139, 0.0709, 0.0601, 0.00236, 0.0566, 0.00783, 0.000317, 0.00956, 0.0272, 0.00393, 0.0371, 0.0635, 0.099, 0.0392, 0.0133, 0.0118, 0.00717, 0.0195, 0.0377, 0.0173, 0.00782, 0.00565, 0.00141, 0.00595, 0.00899, 0.00435, 0.00221, 0.00302, 0.0046, 0.00643, 0.00729, 0.00543, 0.0084, 0.00388, 0.00029, 1.71e-005, 0.00136, 0.00103, 0.000658, 0.000402, 0.00016, 0.00057, 8.57e-005, 5.66e-005, 2.96e-005, 5.48e-005, 1.2e-005, 5.3e-005, 0.00033, 0.000222, 5.03e-005, 8.4e-006, 9.96e-007, 8.2e-006, 1.28e-005, 2.73e-005, 1.55e-005, 1.97e-006, 1.4e-005, 8.26e-006, 1.32e-006, 7.62e-006, 1.45e-005, 8.69e-006, 6.35e-006, 2.94e-006, 3.93e-006, 3.06e-006, 6.92e-008, 5.29e-008, 2.35e-006, 4.88e-006, 2.19e-006, 1.44e-006, 2.5e-006, 1.31e-006, 1.47e-007, 3.29e-008, 6.66e-008, 4.62e-011, 9.77e-008, 4.29e-007, 9.46e-007, 3.04e-007, 4.37e-009, 9.01e-008, 9.57e-008, 1.36e-008, 3.96e-009, 5.34e-009, 7.37e-009, 1.06e-008, 2.16e-008, 4.23e-008, 3.75e-008, 1.52e-008, 7.22e-009, 1.53e-009, 8.21e-010, 2.48e-009, 1.26e-009, 4.7e-010, 8.46e-010, 1.26e-009, 8.26e-010, 9.82e-011, 1.1e-010, 3.92e-010, 8.16e-011, 5.3e-011, 3.08e-011, 4.58e-011, 1.21e-011, 3.56e-011, 2.98e-011, 8.01e-012, 4.77e-012, 3.11e-013, 2.24e-012, 2.09e-012, 3.99e-013, 5.03e-013, 5.04e-013, 6.11e-013, 2.63e-013, 2.62e-013, 4.45e-013, 3.34e-013, 3.63e-013, 3.39e-013, 3.27e-013, 3.17e-013, 3.25e-013, 3.26e-013, 3.19e-013, 3.19e-013, 3.18e-013, 3.17e-013, 3.16e-013
13:44:17, 5.2, 73.5, 214, 135, 29.3, 63.5, 29.2, 6.75, 24.3, 3.65, 9.14, 16.7, 4.38, 0.585, 0.467, 4.43, 7.81, 7.16, 8.83, 10.6, 0.788, 2.33, 0.962, 0.594, 0.188, 0.117, 0.906, 0.606, 1.87, 2.8, 7.71, 3.58, 1.13, 0.44, 2.81, 3.01, 0.344, 2.24, 0.84, 0.407, 0.0511, 1.1, 1.73, 0.267, 0.607, 0.675, 0.142, 1.01, 1.5, 0.0335, 0.936, 0.687, 2.01, 2.4, 1.53, 1.25, 0.95, 1.58, 1.39, 0.256, 0.681, 0.277, 0.0169, 0.0996, 0.176, 0.0282, 0.887, 1.15, 0.57, 0.162, 0.27, 0.831, 0.226, 0.802, 0.904, 0.906, 1.24, 0.572, 0.0402, 0.229, 0.0947, 1.55, 1.43, 0.49, 0.246, 1.08, 0.21, 2.59, 2.06, 1.13, 1.72, 1.63, 0.726, 0.245, 0.398, 0.741, 1.76, 0.759, 0.193, 10.6, 14.6, 0.507, 0.193, 0.162, 0.151, 0.0823, 0.123, 0.146, 0.361, 0.819, 0.257, 0.000167, 0.227, 0.285, 0.298, 0.546, 0.335, 0.0358, 0.078, 0.0701, 0.0315, 0.0785, 0.0137, 0.00118, 0.00731, 0.0222, 0.00545, 0.0186, 0.0268, 0.093, 0.0212, 0.00569, 0.0102, 0.00242, 0.00903, 0.0441, 0.0322, 0.00423, 0.0035, 0.00466, 0.00113, 0.00398, 0.00131, 0.000855, 0.00142, 0.004, 0.00578, 0.0058, 0.00686, 0.00864, 0.00517, 0.00103, 0.000324, 0.00198, 0.000472, 0.000325, 0.000331, 0.000357, 0.000531, 4.61e-005, 5.01e-005, 0.000119, 9.36e-005, 5.35e-006, 5.47e-005, 0.000258, 0.000229, 6.57e-005, 9.34e-006, 3.51e-006, 1.05e-005, 1.39e-005, 1.93e-005, 2.17e-005, 7.56e-006, 1.03e-005, 3.44e-006, 8.98e-007, 7.42e-006, 1.63e-005, 5.71e-006, 5.66e-006, 9.36e-007, 2.4e-006, 3.44e-006, 6.69e-007, 3.31e-007, 2.5e-006, 4.95e-006, 1.45e-006, 6e-007, 2.22e-006, 1.11e-006, 1.06e-007, 7.93e-009, 5.04e-008, 3.27e-008, 5.55e-008, 2.73e-007, 1.04e-006, 4.21e-007, 1.83e-008, 4.38e-008, 7.85e-008, 2.86e-008, 9.58e-009, 1.24e-008, 2.69e-009, 9.63e-009, 1.19e-008, 2.93e-008, 2.55e-008, 1.57e-008, 1.25e-008, 2.58e-009, 2.09e-010, 1.83e-009, 1.07e-009, 2.81e-010, 4.12e-010, 5.99e-010, 9.79e-010, 2.3e-010, 1.42e-010, 2.1e-010, 6.23e-011, 3.94e-011, 4.66e-011, 3.99e-011, 2.14e-011, 1.01e-011, 3.72e-011, 1.34e-011, 5.99e-012, 2.55e-012, 1.13e-012, 3.37e-012, 4.83e-013, 6.65e-013, 5.29e-013, 1.6e-013, 3.06e-013, 1.56e-013, 1.76e-013, 1.88e-013, 2.01e-013, 1.6e-013, 1.54e-013, 1.7e-013, 1.59e-013, 1.62e-013, 1.58e-013, 1.58e-013, 1.58e-013, 1.57e-013, 1.57e-013
13:44:17, 0.847, 41.4, 109, 43.6, 0.207, 19.6, 8.42, 0.844, 16, 13.4, 13.9, 14.1, 3.13, 0.479, 0.0115, 2.98, 7.72, 5.55, 2.39, 7.27, 0.388, 0.827, 1.37, 0.568, 0.0408, 0.554, 0.919, 1.07, 1.57, 2.54, 9.45, 1.14, 1.69, 0.168, 3.03, 2.1, 0.443, 1.87, 0.0397, 1.24, 0.56, 0.8, 2.77, 1.23, 0.757, 0.209, 0.998, 1.69, 1.15, 0.262, 0.598, 0.0664, 1.49, 1.1, 0.548, 0.429, 0.384, 0.849, 1.7, 0.66, 0.675, 0.306, 0.0719, 0.0129, 0.218, 0.253, 0.518, 0.786, 0.418, 0.326, 0.439, 0.723, 0.602, 0.725, 1.2, 0.164, 1.16, 0.34, 0.00464, 0.0863, 0.0438, 1.27, 1.95, 0.419, 0.0642, 0.363, 0.276, 2.55, 1.18, 0.778, 1.95, 1.66, 0.212, 0.0877, 0.149, 1.33, 1.53, 1.29, 0.023, 12.9, 18.9, 1.61, 0.0925, 0.278, 0.206, 0.0712, 0.162, 0.144, 0.106, 0.487, 0.358, 0.0487, 0.305, 0.0798, 0.311, 0.512, 0.298, 0.00977, 0.0691, 0.0391, 0.159, 0.148, 0.0166, 0.00027, 0.00293, 0.0194, 0.0263, 0.0123, 0.0187, 0.0554, 0.018, 0.00607, 0.00437, 0.00041, 0.0039, 0.0342, 0.0384, 0.0025, 0.0027, 0.00416, 0.000231, 0.00299, 0.000137, 0.000378, 0.000631, 0.00162, 0.00286, 0.0026, 0.00358, 0.0059, 0.00467, 0.00132, 0.00133, 0.00242, 0.000811, 0.00033, 7.6e-005, 0.000585, 0.000423, 4.91e-005, 4.53e-005, 0.000197, 0.000175, 1.82e-005, 0.000107, 0.000112, 0.000161, 4.71e-005, 1.04e-005, 5.17e-006, 7.84e-006, 1.38e-005, 9.04e-006, 3.61e-005, 7.69e-006, 6.25e-006, 1.26e-006, 2.56e-006, 1.16e-005, 1.31e-005, 6.99e-007, 3.46e-006, 6.8e-007, 1.65e-006, 3.39e-006, 1.01e-006, 5.36e-007, 2.59e-006, 3.22e-006, 7.11e-007, 1.77e-007, 1.27e-006, 8.1e-007, 5.25e-009, 3.96e-008, 1.1e-007, 8.27e-008, 1.28e-008, 7.01e-008, 9.25e-007, 6.48e-007, 6.71e-008, 4.16e-009, 5.56e-008, 2.18e-008, 1.69e-008, 1.27e-008, 4.42e-009, 1.24e-008, 2.07e-009, 1.87e-008, 1.23e-008, 7.55e-009, 1.83e-008, 2.07e-009, 7.79e-011, 1.21e-009, 1.67e-009, 5.69e-010, 6.1e-011, 1.62e-010, 7.81e-010, 3.65e-010, 4.62e-011, 1.44e-010, 6.19e-011, 5.05e-011, 2.25e-011, 2.62e-011, 2.05e-011, 2.84e-012, 1.95e-011, 2.42e-011, 4.24e-012, 5.55e-012, 4.2e-014, 4.69e-012, 9.47e-013, 1.78e-012, 2.04e-013, 6.95e-013, 4.94e-013, 6.23e-013, 2.98e-013, 4.71e-013, 4.66e-013, 3.63e-013, 4.35e-013, 3.95e-013, 4.04e-013, 3.89e-013, 3.91e-013, 3.86e-013, 3.84e-013, 3.82e-013, 3.81e-013
13:44:17, 18, 26.8, 42.5, 8.8, 10.3, 8.01, 1.36, 5.21, 5.79, 23.2, 12.4, 7.2, 4.4, 0.721, 0.831, 1.95, 3.63, 4.32, 1.81, 5.15, 1.14, 0.26, 0.659, 0.762, 0.385, 0.423, 1.23, 3.29, 2.99, 4.52, 8.66, 1.34, 2.03, 1.63, 3.63, 1.57, 0.762, 2.5, 1.19, 2.68, 1.81, 0.0135, 3.86, 4.49, 1.64, 0.674, 2.16, 1.56, 0.579, 0.811, 0.521, 0.111, 0.666, 0.371, 0.134, 0.00737, 0.255, 0.674, 1.65, 0.405, 0.622, 0.225, 0.0864, 0.0469, 0.43, 0.868, 0.0143, 0.702, 0.0287, 0.575, 0.235, 0.512, 0.611, 0.288, 1.15, 0.186, 1.21, 0.254, 0.0413, 0.0448, 0.17, 1.19, 1.48, 0.369, 0.0955, 0.0187, 0.96, 3.68, 1.5, 0.746, 1.02, 1.01, 0.301, 0.145, 0.418, 0.971, 1.03, 0.786, 1.18, 18.4, 25, 2.29, 0.0447, 0.273, 0.236, 0.00519, 0.203, 0.0732, 0.0377, 0.205, 0.277, 0.167, 0.362, 0.0938, 0.334, 0.199, 0.264, 0.175, 0.103, 0.064, 0.288, 0.246, 0.0356, 0.00738, 0.00169, 0.0295, 0.0215, 0.0181, 0.0334, 0.0236, 0.0113, 0.0159, 0.00554, 0.00129, 0.00372, 0.0182, 0.0349, 0.00589, 0.00147, 0.00214, 0.0032, 0.00462, 0.00232, 0.00148, 0.000141, 0.000461, 0.000978, 0.000416, 0.00102, 0.00328, 0.00284, 0.000806, 0.00209, 0.00223, 0.00102, 0.000444, 5.41e-005, 0.000743, 0.00029, 4e-005, 3.71e-005, 0.000181, 0.000263, 9.38e-005, 0.000152, 1.81e-005, 0.000105, 4.19e-005, 1.52e-005, 8.07e-006, 1.04e-005, 2.01e-005, 2.05e-005, 5.08e-005, 5.11e-006, 6.93e-006, 4.58e-006, 4.82e-006, 1.2e-005, 1.02e-005, 1.13e-006, 1.77e-006, 6.45e-007, 2.29e-006, 1.7e-006, 1.12e-006, 1.61e-007, 2.29e-006, 1.18e-006, 5.82e-007, 2.89e-007, 4.28e-007, 5.25e-007, 4.03e-008, 1.26e-007, 2.96e-007, 1.8e-007, 4.81e-008, 4.06e-008, 7.81e-007, 7.05e-007, 1.5e-007, 4.23e-008, 4.33e-008, 9.3e-009, 1.84e-008, 6.49e-009, 1.82e-008, 1.82e-008, 6.05e-009, 1.34e-008, 9.34e-009, 6.11e-009, 1.8e-008, 3.96e-009, 3.83e-010, 1.89e-009, 3.2e-009, 6.44e-010, 3.46e-011, 1.48e-010, 3.07e-010, 3.73e-010, 1.18e-011, 9.18e-011, 3.75e-011, 5.48e-011, 6.52e-012, 4.77e-012, 1.7e-011, 7.75e-012, 1.16e-011, 9.74e-012, 6.06e-012, 3.15e-012, 3.65e-014, 2.34e-012, 2.46e-012, 2.3e-013, 9.69e-014, 8.91e-014, 6.77e-015, 9.69e-014, 6.55e-015, 1.58e-014, 4.34e-015, 2.09e-014, 4.23e-015, 6.75e-015, 4.78e-015, 3.52e-015, 3.08e-015, 2.16e-015, 1.63e-015, 1.24e-015, 9.98e-016
13:44:17, 5.63, 0.883, 21.5, 3.77, 12.1, 7.45, 0.774, 5.13, 0.695, 27.7, 9.91, 5.48, 6.79, 0.81, 1.47, 1.22, 1.26, 5.7, 3.14, 2.75, 1.78, 0.354, 0.157, 0.815, 0.997, 0.108, 1.29, 5.2, 4.78, 4.3, 6.28, 3.98, 2.53, 2.47, 3.6, 2, 0.848, 4.39, 3.09, 2.89, 3.46, 1.18, 5.48, 6.17, 3.41, 2.45, 2.26, 0.797, 0.147, 0.875, 1.01, 0.0629, 0.479, 0.363, 0.0763, 0.176, 0.496, 1.09, 1.02, 0.0846, 0.593, 0.263, 0.143, 0.222, 0.653, 1.61, 0.661, 1.45, 0.569, 0.621, 0.054, 0.134, 0.486, 0.0264, 1.07, 0.937, 1.38, 0.529, 0.12, 0.00589, 0.24, 0.782, 0.833, 0.219, 0.183, 0.0828, 1.52, 4.33, 2.97, 0.641, 0.305, 0.203, 0.631, 0.421, 0.702, 0.388, 0.351, 0.103, 2.67, 25.4, 30.3, 2.65, 0.0898, 0.154, 0.181, 0.0665, 0.246, 0.0627, 0.0397, 0.0406, 0.191, 0.108, 0.39, 0.3, 0.363, 0.0572, 0.213, 0.393, 0.188, 0.127, 0.281, 0.287, 0.0847, 0.0395, 0.0409, 0.0597, 0.000962, 0.0302, 0.0268, 0.011, 0.00233, 0.0195, 0.0151, 0.00917, 0.0024, 0.015, 0.0217, 0.00836, 0.000739, 0.00135, 0.00448, 0.00652, 0.00632, 0.0031, 0.00023, 3.96e-005, 0.000493, 0.000839, 0.00154, 0.00423, 0.00231, 0.000592, 0.00116, 0.00174, 0.000503, 0.00039, 0.000417, 0.000997, 0.000325, 6.83e-005, 6.61e-006, 0.000219, 0.000183, 0.000172, 0.000166, 3.09e-005, 8.44e-005, 8.89e-005, 2.92e-005, 1.33e-005, 1.55e-005, 3e-005, 3.7e-005, 5.49e-005, 1.75e-005, 8.64e-006, 6.47e-006, 7.57e-006, 4.85e-006, 8.62e-006, 5.39e-006, 1.38e-006, 3.93e-007, 2.29e-006, 4.51e-007, 9e-007, 2.35e-007, 2.2e-006, 3.09e-007, 4.1e-007, 2.6e-007, 2.01e-007, 3.51e-007, 4.45e-008, 2.21e-007, 6.22e-007, 3.53e-007, 1.12e-007, 1.91e-007, 6.74e-007, 3.71e-007, 2.45e-007, 1.3e-007, 6.04e-008, 2.6e-008, 2.55e-008, 9.99e-009, 3.1e-008, 2.07e-008, 8.25e-009, 9.76e-009, 1.05e-008, 7.84e-009, 1.28e-008, 7.08e-009, 1.77e-009, 3.67e-009, 4e-009, 7.23e-010, 3.43e-011, 1.29e-010, 6.23e-011, 2.25e-010, 9.01e-011, 1.13e-010, 3.12e-013, 4.31e-011, 7.5e-012, 5.62e-013, 1.69e-011, 1.5e-011, 3.94e-012, 8.74e-012, 2.67e-013, 1.97e-012, 1.29e-012, 2.78e-012, 2.25e-012, 2.48e-013, 4.1e-013, 3.73e-013, 5.04e-013, 2.75e-013, 4.01e-013, 4.14e-013, 2.9e-013, 4.11e-013, 3.12e-013, 3.46e-013, 3.37e-013, 3.32e-013, 3.3e-013, 3.28e-013, 3.26e-013, 3.25e-013, 3.24e-013
13:44:17, 0.272, 0.177, 19.7, 14.2, 9.45, 6.75, 2.95, 3.51, 3.23, 28.8, 19, 10.1, 7.31, 0.473, 1.23, 1.36, 1.69, 5.83, 3.2, 0.845, 3.5, 1.82, 0.944, 1.39, 0.707, 0.199, 1.64, 5.58, 3.66, 1.82, 3.37, 4.77, 2.29, 1.56, 2.05, 3.46, 2.83, 4.88, 3.59, 1.27, 4.3, 5.04, 5.5, 4.25, 3.98, 3.82, 1.5, 0.147, 0.14, 0.877, 1.86, 0.238, 0.49, 0.433, 0.086, 0.213, 1.06, 0.972, 0.4, 0.268, 0.525, 0.655, 0.462, 0.315, 0.527, 2.16, 2.38, 2.94, 2.38, 0.878, 0.151, 0.0149, 0.39, 0.381, 0.998, 0.968, 1.21, 1.23, 0.403, 0.0615, 0.141, 0.375, 0.263, 0.0933, 0.201, 0.58, 1.83, 2.92, 3.93, 0.645, 0.3, 0.0523, 0.871, 0.572, 0.55, 0.122, 0.196, 0.00574, 2.19, 28.9, 33.4, 2.7, 0.037, 0.166, 0.108, 0.457, 0.327, 0.0128, 0.0496, 0.026, 0.211, 0.0557, 0.385, 0.262, 0.381, 0.118, 0.208, 0.393, 0.261, 0.0959, 0.188, 0.234, 0.076, 0.106, 0.147, 0.112, 0.017, 0.0314, 0.00762, 0.00908, 0.00251, 0.0113, 0.0252, 0.0196, 0.00957, 0.0203, 0.00741, 0.00653, 0.00147, 0.00132, 0.00281, 0.00549, 0.00809, 0.00524, 0.00105, 0.000225, 0.000594, 0.000643, 0.00324, 0.00833, 0.0043, 0.000643, 0.000264, 0.000878, 0.000117, 0.000194, 0.000628, 0.00114, 0.000581, 0.000151, 9.56e-005, 0.000281, 7.62e-005, 0.000184, 0.000174, 2.28e-005, 0.000113, 0.000125, 4.6e-005, 9.13e-006, 1.84e-005, 3.47e-005, 2.27e-005, 5.02e-005, 3.42e-005, 7.38e-006, 4.17e-006, 6.91e-006, 5e-007, 5.86e-006, 7.77e-006, 1.55e-006, 9.01e-007, 1.15e-006, 5.24e-007, 9.88e-007, 1.92e-006, 2.13e-006, 3.35e-007, 1.78e-007, 3.76e-007, 3.69e-007, 2.78e-007, 5.78e-009, 3.42e-007, 7.81e-007, 4.48e-007, 1.52e-007, 2.19e-007, 5.83e-007, 4.74e-008, 2.7e-007, 1.7e-007, 6.45e-008, 6.18e-008, 5.22e-008, 2.76e-008, 1.88e-008, 2.18e-008, 2.42e-009, 6.19e-009, 8.33e-009, 3.59e-009, 7.42e-009, 6.02e-009, 4.13e-009, 3.41e-009, 3.79e-009, 9.56e-010, 5.88e-011, 1.09e-010, 3.78e-011, 9.17e-011, 1.08e-010, 1.49e-010, 5.84e-011, 4.07e-011, 8.58e-012, 1.14e-013, 7.54e-012, 3.03e-011, 2.26e-012, 2.88e-012, 1.46e-012, 2.31e-012, 2.94e-012, 1.2e-013, 1.38e-012, 2.13e-013, 1.46e-013, 1.39e-013, 4.49e-014, 7.18e-014, 6.62e-014, 3.81e-014, 7.16e-014, 2.55e-014, 3.71e-014, 3.17e-014, 2.83e-014, 2.34e-014, 2.22e-014, 1.97e-014, 1.82e-014, 1.71e-014, 1.65e-014
13:44:17, 2.97, 4.94, 26.9, 19.4, 5.4, 4.18, 3.39, 1.63, 7.58, 27.4, 27.2, 14.8, 5.35, 0.288, 1, 1.54, 2.1, 3.39, 3.61, 1.49, 4.77, 4.18, 3.43, 2.16, 0.0912, 0.478, 2.08, 4.61, 0.724, 0.612, 1.55, 3.4, 0.749, 0.708, 0.703, 4.45, 5.13, 2.92, 2.42, 0.1, 4.87, 7.91, 2.8, 1.76, 1.85, 3.7, 0.87, 0.00623, 0.156, 1.17, 2.66, 0.934, 0.238, 0.405, 0.0967, 0.246, 1.58, 0.572, 0.113, 0.462, 0.46, 0.706, 1.16, 0.44, 0.551, 2.18, 2.53, 4.27, 3.76, 1.34, 0.408, 0.255, 0.325, 0.574, 0.752, 0.444, 0.493, 1.91, 0.95, 0.24, 0.0185, 0.165, 0.0193, 0.123, 0.294, 1.4, 1.46, 0.909, 3.52, 1.12, 0.437, 0.641, 1.34, 0.251, 0.433, 0.342, 0.244, 0.274, 0.885, 27.1, 33.4, 2.7, 0.131, 0.268, 0.364, 1.15, 0.489, 0.0167, 0.0122, 0.0809, 0.43, 0.463, 0.342, 0.0965, 0.354, 0.0953, 0.236, 0.21, 0.197, 0.0524, 0.132, 0.172, 0.0179, 0.174, 0.208, 0.157, 0.078, 0.0303, 0.00202, 0.00724, 0.00438, 0.00241, 0.0311, 0.018, 0.0152, 0.0307, 0.00388, 0.00584, 0.00192, 0.00102, 0.000851, 0.00324, 0.00491, 0.00594, 0.0035, 0.00126, 0.000232, 0.000307, 0.00332, 0.0127, 0.00709, 0.000459, 0.000144, 0.000381, 5.54e-005, 0.000116, 0.000321, 0.001, 0.000766, 0.000176, 0.000151, 0.000348, 0.000139, 0.000241, 0.000195, 5.68e-006, 0.000129, 0.000102, 4.09e-005, 7.28e-006, 2.06e-005, 3.31e-005, 4.06e-006, 3.03e-005, 3.53e-005, 8.12e-006, 4.23e-006, 2.67e-006, 6.44e-007, 5.64e-006, 6.47e-006, 1.06e-006, 1.42e-006, 1.49e-007, 1.17e-006, 2.07e-006, 2.68e-006, 1.91e-006, 5.16e-007, 5.67e-008, 5.22e-007, 8.88e-007, 2.53e-007, 2.6e-009, 3.77e-007, 7.81e-007, 2.1e-007, 2e-007, 5.5e-008, 5.76e-007, 1.19e-007, 2.33e-007, 9.71e-008, 4.81e-008, 5.35e-008, 9.33e-008, 4.07e-008, 3.66e-009, 1.6e-008, 9.3e-010, 2.98e-009, 4.73e-009, 3.96e-010, 3.65e-009, 2.04e-009, 5.77e-009, 7.97e-010, 3.51e-009, 1.21e-009, 1.68e-011, 1.57e-010, 1.71e-010, 5.19e-011, 5.38e-011, 2.24e-010, 1.1e-010, 4e-011, 3.36e-012, 4.99e-013, 1.33e-011, 2.93e-011, 5.62e-012, 2.15e-012, 2.17e-012, 5.57e-012, 1.7e-012, 7.36e-014, 4.47e-013, 1.88e-013, 9.54e-014, 1.27e-014, 4.31e-014, 5.22e-014, 9.94e-015, 1.3e-014, 1.32e-014, 7.06e-015, 1.06e-014, 1.13e-014, 8.39e-015, 9.51e-015, 9.06e-015, 9.06e-015, 8.94e-015, 8.89e-015, 8.86e-015
13:44:18, 0.665, 9.95, 40, 13.2, 2.57, 0.624, 2.25, 0.268, 7.27, 20.9, 19.6, 13.2, 2.78, 0.746, 1.65, 0.29, 2.25, 0.575, 5.07, 4.26, 3.2, 4.75, 6.12, 2.34, 0.115, 0.693, 1.45, 3.01, 0.522, 1.02, 2.01, 1.56, 0.00513, 0.499, 0.736, 4.06, 3.74, 1.72, 1.08, 2.6, 5.8, 5.28, 1.35, 0.854, 0.0635, 2.62, 0.811, 0.000595, 0.155, 0.883, 3.32, 1.73, 0.00134, 0.342, 0.0975, 0.31, 1.94, 0.643, 0.0586, 0.369, 0.285, 0.508, 1.51, 0.915, 1.31, 1.4, 1.28, 3.55, 3.67, 1.18, 0.491, 0.75, 0.185, 0.547, 0.413, 0.21, 0.128, 2.32, 1.31, 0.24, 0.0256, 0.119, 0.0974, 0.221, 0.603, 1.44, 0.976, 0.369, 2.56, 1.04, 0.444, 1.3, 1.73, 0.317, 0.391, 0.577, 0.278, 0.35, 0.333, 24.7, 30.2, 2.07, 0.102, 0.721, 0.891, 1.45, 0.901, 0.17, 0.0353, 0.211, 0.807, 1.06, 0.405, 0.157, 0.268, 0.00836, 0.215, 0.0637, 0.0991, 0.086, 0.133, 0.164, 0.0402, 0.148, 0.162, 0.132, 0.108, 0.0581, 0.0137, 0.000514, 0.0067, 0.00292, 0.0293, 0.0136, 0.0122, 0.0428, 0.0124, 0.00532, 0.00204, 0.000941, 0.000998, 0.00306, 0.000929, 0.0041, 0.00645, 0.00328, 0.000287, 0.000261, 0.0025, 0.0151, 0.00826, 0.000286, 0.000234, 0.000298, 7.4e-006, 0.000238, 1.16e-005, 0.000756, 0.000577, 0.000122, 8.96e-005, 0.000313, 0.000294, 0.000353, 0.000216, 3.66e-005, 8.95e-005, 5.93e-005, 1.4e-005, 2.01e-005, 3.32e-005, 3.26e-005, 9.5e-006, 9.82e-006, 2.22e-005, 2e-005, 8.96e-006, 1.88e-006, 1.69e-006, 7.94e-006, 4.62e-006, 9.41e-008, 1.48e-006, 2.01e-007, 1.69e-006, 3.37e-006, 1.29e-006, 1.58e-006, 3.97e-007, 9.13e-009, 5.05e-007, 1.33e-006, 4.63e-007, 2.96e-008, 5.39e-007, 5.35e-007, 2.38e-008, 1.6e-007, 7.92e-008, 7.45e-007, 3.96e-007, 1.4e-007, 2.65e-008, 2.89e-008, 1.1e-008, 1.33e-007, 4.92e-008, 5.19e-009, 9.3e-009, 1.86e-009, 1.52e-009, 2.97e-009, 1.92e-009, 2.19e-009, 1.08e-009, 5e-009, 2.09e-010, 3.17e-009, 1.73e-009, 3.63e-011, 2.7e-010, 2.81e-010, 6.72e-011, 6.11e-011, 1.94e-010, 1.46e-010, 1.23e-011, 1.08e-011, 3.05e-012, 2.88e-011, 2.3e-011, 5.77e-012, 2.1e-013, 2.72e-012, 7.39e-012, 2.54e-012, 7.32e-015, 4.09e-014, 6.2e-013, 3.12e-014, 2.1e-013, 9.08e-015, 1.93e-013, 3.17e-014, 4.93e-014, 6.95e-014, 4.59e-014, 4.63e-014, 4.24e-014, 4.54e-014, 3.83e-014, 3.83e-014, 3.66e-014, 3.53e-014, 3.44e-014, 3.39e-014
13:44:18, 1.03, 8.09, 47.7, 15.5, 3.53, 1.4, 2.22, 0.171, 5.67, 11.9, 9.25, 3.45, 5.34, 1.98, 8.71, 2.9, 4.48, 1.45, 3.09, 7.01, 0.77, 4.05, 5.81, 2.11, 0.306, 0.699, 0.338, 1.84, 2.78, 2.75, 2.25, 0.472, 0.604, 0.817, 0.385, 3.68, 0.64, 2.51, 3.44, 8.97, 5.02, 1.36, 2.85, 1.58, 1.25, 1.1, 1.01, 0.21, 0.609, 0.123, 4.07, 2.17, 0.191, 0.236, 0.0684, 0.333, 1.97, 1.49, 0.118, 0.526, 0.398, 0.649, 0.963, 1.14, 2.39, 0.779, 0.594, 1.5, 2.14, 1.03, 0.419, 1.45, 0.23, 0.548, 0.688, 0.446, 1.12, 2.41, 0.776, 0.288, 0.00415, 0.212, 0.28, 0.23, 0.72, 0.694, 0.806, 1.03, 1.39, 0.592, 0.162, 1.57, 1.53, 0.568, 0.499, 0.354, 0.322, 0.0323, 0.837, 23.7, 26.7, 0.896, 0.663, 0.839, 1.01, 1.04, 1.18, 0.52, 0.172, 0.316, 0.991, 1.26, 0.502, 0.259, 0.176, 0.0168, 0.149, 0.128, 0.101, 0.0598, 0.163, 0.132, 0.113, 0.0729, 0.069, 0.0582, 0.0727, 0.1, 0.0415, 0.00759, 0.0117, 0.00763, 0.0206, 0.0164, 0.0172, 0.0522, 0.0161, 0.00355, 0.00257, 0.00206, 0.00404, 0.00399, 0.000341, 0.00204, 0.00588, 0.0057, 0.00201, 0.000605, 0.00282, 0.0125, 0.00908, 0.000165, 0.00045, 0.000269, 4.67e-005, 0.000289, 0.000154, 0.000648, 0.000243, 3.94e-005, 9.3e-006, 0.000256, 0.000222, 0.000372, 0.000236, 3.7e-005, 4.91e-005, 3.16e-005, 3.64e-006, 3.34e-005, 3.8e-005, 3.31e-005, 1.98e-005, 6.6e-006, 1.88e-005, 3.33e-005, 1.21e-005, 4.1e-006, 3.31e-006, 8.3e-006, 3.52e-006, 2.85e-007, 1.09e-006, 8.81e-007, 1.86e-006, 3.46e-006, 2.07e-007, 1.44e-006, 3.07e-007, 2.03e-008, 4.6e-007, 1.22e-006, 8.76e-007, 1.99e-007, 4.99e-007, 4.12e-007, 2.88e-009, 6.98e-008, 4.72e-007, 1.06e-006, 4.26e-007, 5.17e-008, 3.92e-008, 2.99e-008, 2.55e-008, 1.51e-007, 6.22e-008, 9.28e-009, 5.1e-009, 1.15e-009, 5.42e-010, 3.03e-009, 1.64e-009, 2.73e-009, 3.44e-009, 3.07e-009, 1.52e-009, 2.94e-009, 2.28e-009, 2.61e-010, 2.51e-010, 2.49e-010, 1.49e-010, 1.53e-011, 1.71e-010, 1.19e-010, 7.12e-013, 1.35e-011, 2.42e-011, 4.14e-011, 1.49e-011, 4.51e-013, 2.34e-012, 2.9e-012, 7.55e-012, 2.33e-012, 1.08e-012, 1.55e-012, 1.64e-013, 3.66e-013, 4e-013, 1.99e-013, 5.03e-013, 2.31e-013, 3.01e-013, 2.7e-013, 2.94e-013, 2.78e-013, 2.74e-013, 2.8e-013, 2.7e-013, 2.73e-013, 2.71e-013, 2.7e-013, 2.69e-013, 2.69e-013
13:44:18, 0.882, 7.32, 53, 22.3, 5.42, 8.89, 8.32, 3.63, 15.1, 15, 11.9, 6.95, 14.8, 18.6, 29.1, 20.1, 12.8, 3.96, 0.583, 8.77, 1.92, 3.5, 2.58, 1.78, 0.137, 0.561, 0.146, 1.41, 4.55, 4.04, 1.95, 0.0268, 1.19, 1.39, 0.0628, 3.64, 1.55, 4.4, 10.9, 13.5, 3.5, 0.416, 3.86, 3.7, 3.47, 0.523, 1.07, 1.71, 1.95, 1.42, 4.56, 1.6, 0.697, 0.212, 0.0545, 0.0841, 1.91, 2.25, 0.56, 0.881, 0.932, 0.913, 0.357, 0.617, 2.84, 1.24, 0.379, 0.459, 0.476, 1.82, 1.17, 1.77, 0.465, 0.438, 1.21, 1.49, 2.29, 1.86, 0.238, 0.465, 0.218, 0.796, 0.374, 0.152, 0.436, 0.175, 0.468, 1.42, 0.386, 0.376, 0.192, 1.06, 1.1, 0.291, 0.583, 0.0896, 0.19, 0.0603, 1.44, 22.1, 24, 1.21, 0.715, 0.708, 0.469, 0.39, 0.921, 0.884, 0.273, 0.26, 0.73, 0.939, 0.393, 0.169, 0.166, 0.011, 0.152, 0.322, 0.174, 0.00156, 0.183, 0.0465, 0.134, 0.0435, 0.0388, 0.0145, 0.0338, 0.0911, 0.0752, 0.0363, 0.0229, 0.00284, 0.0164, 0.0164, 0.0264, 0.06, 0.00849, 0.00303, 0.00117, 0.00495, 0.00674, 0.00384, 0.00143, 0.000839, 0.00315, 0.00539, 0.00426, 0.00268, 0.00159, 0.00864, 0.00922, 0.000481, 0.000375, 0.000378, 2.99e-005, 0.00037, 0.000659, 0.000432, 0.000103, 3.38e-006, 5.65e-005, 0.000193, 4.01e-005, 0.000258, 0.000223, 3.01e-006, 2.59e-005, 1.64e-005, 2.07e-005, 2.74e-005, 2.2e-005, 2.98e-005, 9.32e-006, 1.75e-005, 3.76e-005, 2.93e-005, 8.41e-006, 8.16e-006, 2.45e-006, 6.86e-006, 3.27e-006, 3.26e-007, 1.18e-006, 6.41e-007, 1.74e-006, 1.93e-006, 1.22e-006, 2.05e-006, 7.89e-007, 2.61e-007, 3.37e-007, 6.76e-007, 1.46e-006, 2.76e-007, 2.96e-007, 5.77e-007, 3.42e-008, 1.71e-007, 8.23e-007, 1.14e-006, 3.57e-007, 1.43e-008, 9.58e-008, 4.34e-008, 6.62e-008, 1.68e-007, 5.34e-008, 8.66e-009, 3.09e-009, 9.87e-010, 1.47e-009, 2.56e-009, 2.22e-010, 3.35e-009, 3.94e-009, 1.6e-009, 1.38e-009, 2.44e-009, 2.34e-009, 5.16e-010, 7.45e-011, 1.39e-010, 1.74e-010, 1.27e-011, 2.14e-010, 4.93e-011, 9.96e-012, 2.77e-011, 3.46e-011, 3.46e-011, 1.28e-011, 2.4e-012, 2e-012, 5.75e-012, 5.18e-013, 6.16e-012, 1.12e-012, 2.04e-012, 6.98e-015, 3.12e-013, 3.9e-013, 2.08e-013, 2.47e-013, 1.92e-013, 2.09e-013, 1.97e-013, 1.91e-013, 1.75e-013, 1.75e-013, 1.71e-013, 1.67e-013, 1.65e-013, 1.62e-013, 1.6e-013, 1.58e-013, 1.57e-013
13:44:18, 0.294, 7.1, 62.3, 21, 5.33, 19.4, 19.4, 14.5, 30.9, 33.4, 29.5, 28.6, 32.8, 45, 50.7, 42.9, 23.7, 5.88, 1.78, 9.29, 6.96, 2.17, 0.426, 1.34, 0.0926, 0.448, 0.141, 1.72, 4.87, 2.37, 2.09, 0.741, 1.09, 1.24, 1.57, 4.42, 3.19, 6.06, 18.5, 12.2, 2.26, 1.66, 2.84, 4.34, 4.97, 1.49, 1.66, 3.02, 3.52, 5.23, 4.8, 0.278, 1.14, 0.343, 0.155, 0.111, 1.75, 2.01, 1.06, 0.806, 1.3, 0.841, 0.0755, 0.242, 2.22, 2.29, 0.153, 0.432, 0.778, 2.76, 2.37, 1.45, 0.414, 0.203, 1.2, 2.65, 2.46, 0.638, 0.601, 0.956, 1.72, 2.26, 0.653, 0.311, 0.0922, 0.0505, 0.239, 1.06, 0.148, 0.403, 0.575, 0.285, 0.674, 0.00479, 0.405, 0.198, 0.339, 0.201, 1.22, 18.1, 22.1, 1.77, 0.469, 0.319, 0.166, 0.0201, 0.435, 0.934, 0.24, 0.125, 0.274, 0.473, 0.174, 0.0566, 0.139, 0.0199, 0.211, 0.403, 0.228, 0.0792, 0.19, 0.0133, 0.121, 0.0862, 0.0375, 0.0234, 0.0297, 0.0292, 0.0952, 0.0556, 0.0259, 0.00435, 0.0197, 0.0104, 0.023, 0.0659, 0.0113, 0.00516, 0.000745, 0.00967, 0.00435, 0.00319, 0.00135, 0.000126, 0.00138, 0.00271, 0.00389, 0.00532, 0.000772, 0.00797, 0.009, 0.000336, 0.000459, 0.000548, 2.16e-005, 0.000581, 0.00091, 0.000228, 4.61e-005, 5e-005, 0.00015, 0.000141, 1.69e-006, 0.000116, 0.000176, 1.25e-005, 1.48e-005, 1.44e-006, 4.46e-005, 1.63e-005, 7.54e-006, 1.88e-005, 2.98e-007, 2.41e-005, 5.43e-005, 2.46e-005, 3.11e-006, 1.31e-005, 2.12e-007, 6.81e-006, 3.49e-006, 3.06e-007, 1.69e-006, 3.49e-009, 1.75e-006, 2.38e-007, 3.33e-006, 2.96e-006, 1.31e-006, 8.12e-007, 3.4e-007, 5.89e-007, 1.75e-006, 3.5e-007, 3.49e-007, 7.22e-007, 2.26e-007, 3.81e-007, 7.61e-007, 7.65e-007, 3.43e-007, 6.74e-008, 1.16e-007, 5.12e-008, 4.53e-008, 1.85e-007, 5.23e-008, 1.17e-008, 8.4e-009, 2.96e-009, 2.56e-009, 2.13e-009, 3.4e-010, 2.43e-009, 3.04e-009, 1.85e-010, 6.76e-010, 1.15e-009, 1.84e-009, 4.34e-010, 2.22e-012, 6.06e-011, 8.11e-011, 1.89e-010, 2.92e-010, 2.07e-011, 2.86e-011, 3.24e-011, 2.5e-011, 1.74e-011, 1.22e-011, 2.76e-012, 5.56e-012, 3.1e-012, 1.23e-013, 5.83e-012, 1.82e-012, 1.29e-012, 1.8e-013, 3.12e-013, 2.33e-014, 2.5e-013, 2.99e-014, 9.41e-014, 7.52e-014, 8.31e-014, 5.58e-014, 6.32e-014, 6.15e-014, 5.39e-014, 5.45e-014, 5.1e-014, 4.95e-014, 4.83e-014, 4.73e-014, 4.68e-014
13:44:18, 1.36, 6.57, 76.5, 28.3, 9.46, 24.4, 19.8, 24.3, 37.9, 42, 40, 43, 48.6, 44.4, 52.5, 47.1, 24.5, 8.11, 2.41, 8.75, 10.7, 0.825, 0.00727, 1.07, 1.21, 0.476, 0.112, 1.71, 3.5, 0.593, 2.17, 3.06, 0.495, 1.11, 3.21, 4.43, 2.95, 4.67, 20.6, 9.05, 0.78, 2.68, 1.26, 2.33, 5.21, 2.22, 2.15, 2.56, 3.39, 7.87, 5.51, 0.268, 1.02, 0.367, 0.475, 0.717, 1.15, 1.08, 0.853, 0.37, 1.02, 0.641, 0.00461, 0.38, 1.32, 1.93, 1.08, 1.31, 2.29, 2.48, 2.35, 0.898, 0.152, 0.00493, 0.999, 2.1, 2.08, 0.0012, 1.29, 2.11, 3.32, 3.87, 1.79, 0.589, 0.0514, 0.0494, 0.289, 0.506, 0.463, 0.641, 0.672, 0.0229, 0.446, 0.102, 0.198, 0.343, 0.442, 0.86, 0.231, 14.5, 21.7, 0.714, 0.821, 0.151, 0.0543, 0.0612, 0.174, 0.597, 0.261, 0.122, 0.0195, 0.138, 0.152, 0.0506, 0.0311, 0.125, 0.333, 0.229, 0.22, 0.197, 0.159, 0.0751, 0.112, 0.118, 0.0274, 0.0237, 0.0326, 0.00186, 0.085, 0.0445, 0.0157, 0.0197, 0.0248, 0.00819, 0.0205, 0.0612, 0.0231, 0.0117, 0.0115, 0.0144, 0.000585, 0.00229, 0.00039, 9.14e-005, 0.000743, 0.000634, 0.00182, 0.00502, 0.00321, 0.0103, 0.00903, 8.43e-005, 0.000299, 0.000763, 0.000427, 0.000551, 0.000734, 0.000219, 4.68e-005, 6.36e-005, 0.00018, 0.000169, 6.79e-006, 8.77e-005, 0.000146, 1.02e-005, 1.94e-005, 1.82e-005, 6.75e-005, 1.3e-005, 2.54e-006, 1.43e-005, 5.41e-006, 1.52e-005, 4.94e-005, 3.23e-005, 8.83e-006, 1.08e-005, 3.23e-006, 8.39e-006, 4.02e-006, 4.92e-007, 1.71e-006, 1.45e-006, 2.9e-006, 1.13e-006, 5.31e-006, 2.43e-006, 1.14e-006, 1.48e-006, 6.4e-007, 7.67e-007, 1.41e-006, 7.06e-007, 5.18e-007, 6.21e-007, 3.8e-007, 4.69e-007, 3.67e-007, 3.17e-007, 2.44e-007, 1.07e-007, 9.69e-008, 3.52e-008, 1.54e-008, 1.7e-007, 9.53e-008, 2.77e-008, 2.08e-008, 6.69e-009, 1.04e-009, 2.27e-009, 2.34e-009, 4.02e-010, 2.51e-009, 4.17e-010, 2.86e-010, 6.14e-010, 1.02e-009, 1.98e-010, 6.84e-011, 2.69e-011, 4.92e-011, 2.86e-010, 4.37e-010, 8.71e-011, 7.72e-011, 2.52e-011, 2.85e-011, 5.2e-012, 8.83e-012, 4.79e-012, 3.82e-012, 2.51e-012, 1.97e-012, 4.81e-012, 2e-012, 9.22e-014, 6.22e-013, 1.22e-013, 8.73e-014, 2.94e-013, 1.06e-013, 7.94e-014, 1.31e-013, 7.3e-014, 9.03e-014, 7.85e-014, 7.05e-014, 7.27e-014, 6.66e-014, 6.46e-014, 6.26e-014, 6.1e-014, 5.98e-014, 5.91e-014
13:44:18, 0.159, 13, 91.9, 55.3, 16.8, 15.8, 10.8, 19.6, 29.2, 26, 31.1, 30.3, 44.6, 18.4, 32.9, 29.1, 12.5, 9.83, 0.446, 8.58, 9.84, 1.35, 0.247, 1.91, 2.34, 0.629, 0.413, 0.783, 1.83, 0.838, 2.39, 5.82, 1.21, 1.43, 2.57, 2.87, 1.71, 1.74, 17.5, 8.94, 0.941, 1.44, 0.527, 0.946, 4.4, 1.05, 2.01, 1.07, 1.6, 6.77, 6.04, 1.57, 1.01, 0.0224, 1.38, 1.54, 0.203, 0.464, 0.314, 0.0493, 0.841, 0.369, 0.0328, 0.637, 0.537, 1.04, 2.44, 2.58, 3.15, 1.12, 1.29, 0.677, 0.07, 0.209, 0.652, 0.653, 1.65, 0.519, 1.56, 2.82, 2.86, 4.08, 3.07, 0.848, 0.0573, 0.0592, 0.401, 0.0521, 0.819, 0.743, 0.507, 0.387, 0.461, 0.0751, 0.165, 0.185, 0.561, 0.729, 0.364, 15, 22.7, 1.1, 0.531, 0.249, 0.0677, 0.0959, 0.0544, 0.268, 0.441, 0.201, 0.0288, 0.0108, 0.195, 0.0877, 0.000908, 0.203, 0.481, 0.0325, 0.189, 0.148, 0.117, 0.0902, 0.0846, 0.0979, 0.011, 0.0154, 0.0244, 0.018, 0.0654, 0.0264, 0.00612, 0.0317, 0.0209, 0.00946, 0.0258, 0.0526, 0.0132, 0.0246, 0.0327, 0.0163, 0.000859, 0.00109, 0.000263, 0.000331, 0.000526, 3.24e-005, 0.000477, 0.00336, 0.00372, 0.0118, 0.0102, 0.000558, 9.93e-006, 0.00112, 0.00109, 0.000191, 0.000473, 0.000379, 9.17e-005, 1.51e-005, 0.000165, 0.00025, 3.18e-005, 0.000116, 0.000119, 5.57e-006, 3.94e-005, 6.35e-005, 8.05e-005, 2.64e-005, 7.08e-008, 1.82e-005, 1.8e-005, 2.42e-006, 3.16e-005, 4.01e-005, 1.61e-005, 4.79e-006, 6.92e-006, 9.88e-006, 4.32e-006, 1.67e-007, 1.63e-006, 4.17e-006, 4.53e-006, 4.28e-006, 6.23e-006, 1.2e-006, 6.7e-007, 1.34e-006, 9.42e-007, 4.88e-007, 9.04e-007, 6.88e-007, 6e-007, 2.61e-007, 3.32e-007, 2.57e-007, 1.42e-007, 1.17e-007, 7.64e-008, 7.91e-008, 5.03e-008, 1.82e-008, 1.47e-008, 1.38e-007, 1.23e-007, 3.91e-008, 2.76e-008, 1.04e-008, 2.94e-010, 2.19e-009, 4.3e-009, 5.09e-010, 3.42e-009, 1.43e-009, 2.16e-010, 7.53e-010, 7.57e-010, 5.08e-011, 2.59e-010, 2.68e-011, 1.8e-011, 2.67e-010, 5.17e-010, 1.62e-010, 1.21e-010, 6.74e-011, 6.11e-011, 3.92e-011, 2.32e-011, 1.01e-012, 3.63e-012, 5.47e-013, 4.61e-012, 2.18e-012, 8.52e-013, 1.06e-013, 2.14e-013, 2.34e-014, 4.5e-016, 1.46e-013, 1.46e-014, 2.67e-014, 2.12e-015, 1.15e-014, 2.28e-015, 7.45e-015, 2.99e-015, 3.5e-015, 3.2e-015, 2.84e-015, 2.65e-015, 2.5e-015, 2.4e-015, 2.33e-015
13:44:18, 0.399, 20.8, 91.5, 79.1, 17.6, 5.69, 3.36, 13.4, 9.89, 7.45, 13.7, 6.39, 29, 1.14, 13.5, 9.24, 2.08, 7.39, 2.26, 10.2, 4.99, 2.62, 1.81, 4.07, 2.1, 0.548, 0.769, 0.128, 1.34, 0.811, 2.87, 8.6, 2.87, 1.06, 1.04, 0.931, 0.681, 2.03, 11.5, 9.76, 3.06, 0.413, 0.337, 1.69, 3.38, 0.0294, 1.17, 0.269, 0.543, 3.19, 6.16, 1.24, 1.29, 0.777, 2.98, 1.98, 0.0711, 0.309, 0.21, 0.563, 0.996, 0.118, 0.165, 0.882, 0.501, 1, 2.19, 2.95, 2.45, 0.255, 0.425, 0.952, 0.191, 0.323, 0.319, 0.0368, 1.24, 1.07, 1.1, 2.35, 0.903, 2.93, 2.75, 0.978, 0.0963, 0.137, 0.458, 0.0811, 1.18, 0.619, 0.393, 1.18, 0.531, 0.0141, 0.193, 0.102, 0.481, 0.137, 1.53, 18.5, 24.7, 2.83, 0.0762, 0.273, 0.0516, 0.0955, 0.0354, 0.181, 0.312, 0.406, 0.145, 0.0397, 0.272, 0.083, 0.00464, 0.262, 0.586, 0.0834, 0.138, 0.0346, 0.0636, 0.0408, 0.0301, 0.0639, 0.0144, 0.00843, 0.0103, 0.0485, 0.036, 0.0204, 0.0196, 0.0258, 0.0104, 0.00827, 0.0211, 0.0538, 0.000143, 0.0391, 0.0387, 0.0171, 0.00255, 0.000261, 0.000695, 0.000735, 0.000375, 4.34e-006, 0.000395, 0.00212, 0.000826, 0.011, 0.0116, 0.00116, 0.000199, 0.00138, 0.00139, 8.4e-005, 0.000337, 0.000399, 0.000147, 9.68e-006, 0.000108, 0.000264, 0.000167, 9.73e-005, 7.4e-005, 5.09e-005, 5.65e-005, 7.61e-005, 7.25e-005, 3.35e-005, 7.79e-006, 3.24e-005, 2.02e-005, 5.94e-007, 1.82e-005, 2.86e-005, 1.58e-005, 6.47e-007, 6.4e-006, 8.18e-006, 3.79e-006, 8.76e-008, 1.15e-006, 5.33e-006, 5.59e-006, 3.8e-006, 6.93e-006, 1.23e-006, 3.12e-007, 7.06e-007, 8.72e-007, 6.33e-008, 5.37e-007, 1.86e-007, 5.24e-007, 9.99e-009, 1.92e-007, 2.6e-008, 2.26e-007, 2.1e-007, 5.22e-008, 4.85e-008, 1.01e-008, 1.95e-008, 1.45e-008, 1.14e-007, 8.75e-008, 2.66e-008, 2.21e-008, 1.2e-008, 1.12e-009, 1.07e-009, 5.98e-009, 4.42e-009, 4.52e-009, 1.88e-009, 8.15e-011, 8.84e-010, 1.08e-009, 3.56e-010, 2.86e-010, 7.09e-011, 1.45e-012, 2.48e-010, 4.85e-010, 9.31e-011, 1.26e-010, 1.36e-010, 1.48e-010, 8e-011, 4.37e-011, 1.33e-011, 3.01e-012, 7.82e-013, 5.77e-012, 1.11e-012, 8.06e-015, 5.57e-013, 5.87e-014, 4.42e-013, 1.17e-013, 5.4e-013, 9.77e-014, 2.76e-013, 2.16e-013, 2.03e-013, 2.1e-013, 2.15e-013, 2.01e-013, 2.05e-013, 2.04e-013, 2.01e-013, 2.01e-013, 2e-013, 2e-013, 1.99e-013
13:44:18, 0.255, 25.6, 71.8, 56.5, 23.6, 8.46, 10.3, 12, 1.13, 0.634, 3.98, 1.42, 16.6, 5.85, 4.76, 1.27, 0.167, 2.91, 8.45, 12.8, 1.56, 3.18, 4.88, 5.27, 1.21, 0.361, 0.348, 0.572, 2.36, 1.18, 4.33, 12, 2.63, 0.586, 0.0323, 0.304, 0.264, 3.63, 5.43, 7.01, 4.53, 0.522, 0.323, 2.45, 2.87, 0.496, 0.264, 0.634, 0.444, 1.54, 5.51, 0.14, 1.63, 2.49, 4.04, 2.27, 0.425, 0.34, 0.537, 1.1, 1.21, 0.369, 0.457, 0.704, 1, 1.8, 0.807, 1.88, 1.53, 0.0576, 0.413, 1.23, 0.32, 0.133, 0.174, 0.0642, 0.905, 1.05, 0.445, 1.36, 0.017, 1.34, 1.66, 0.525, 0.53, 0.591, 0.373, 0.231, 1.65, 1.27, 0.975, 1.72, 0.357, 0.201, 0.451, 0.502, 0.298, 0.0373, 1.47, 20.5, 25.9, 2.79, 0.0323, 0.18, 0.22, 0.26, 0.248, 0.107, 0.117, 0.502, 0.316, 0.172, 0.299, 0.14, 0.0119, 0.387, 0.6, 0.2, 0.0892, 0.0146, 0.034, 0.00116, 0.00113, 0.0484, 0.0227, 0.00587, 0.000769, 0.0702, 0.0228, 0.0194, 0.0537, 0.0207, 0.00594, 0.00746, 0.0186, 0.0559, 0.0203, 0.0416, 0.0234, 0.0133, 0.00427, 0.000267, 0.00142, 0.000802, 0.000572, 0.000152, 0.000379, 0.000985, 0.000563, 0.0109, 0.011, 0.000871, 0.000512, 0.00155, 0.00102, 0.000272, 0.000318, 0.000199, 0.00014, 8.06e-005, 4.52e-005, 0.000194, 0.000335, 5.37e-005, 4.31e-005, 0.000106, 4.5e-005, 4.7e-005, 4.02e-005, 2.37e-005, 2.11e-005, 4.95e-005, 1.77e-005, 2.26e-006, 1.13e-005, 1.03e-005, 8.92e-006, 2.31e-006, 5.4e-006, 2.78e-006, 3.25e-006, 8.6e-007, 2.14e-007, 4.83e-006, 5.2e-006, 7.67e-007, 7.16e-006, 2.85e-006, 1.47e-007, 4.27e-007, 5.67e-007, 9.16e-008, 3.15e-007, 2.37e-008, 3.78e-007, 1.03e-007, 1.38e-007, 4.67e-008, 2.9e-007, 4.92e-007, 2.61e-007, 6.97e-008, 2.01e-008, 1.7e-008, 1.39e-008, 8.5e-008, 3.67e-008, 4.82e-009, 1.04e-008, 9.51e-009, 2.95e-009, 3.34e-010, 8.25e-009, 8.08e-009, 3.52e-009, 1.95e-009, 8.12e-011, 9.98e-010, 1.28e-009, 7.54e-010, 2.68e-010, 3.47e-011, 2.91e-011, 3.29e-010, 3.49e-010, 1.13e-011, 6.19e-011, 1.6e-010, 1.91e-010, 8.59e-011, 4.76e-011, 2.78e-011, 1.02e-011, 2.5e-012, 2.7e-012, 2.83e-013, 2.79e-015, 3.64e-014, 1.84e-013, 3.14e-015, 8.63e-014, 4.07e-014, 5.64e-015, 3.25e-014, 1.98e-014, 1.05e-014, 8.96e-015, 1.28e-014, 1.1e-014, 1.01e-014, 9.07e-015, 8.68e-015, 8.47e-015, 8.2e-015, 8.01e-015, 7.9e-015
13:44:19, 0.0607, 16.8, 45.6, 11.8, 42.1, 25, 19.4, 9.46, 3.54, 0.641, 3.31, 9.95, 13, 5.77, 3.84, 0.047, 1.24, 0.963, 9.3, 14.6, 3.52, 3.72, 5.07, 4.58, 1.1, 0.319, 0.012, 1.49, 4.83, 3.91, 8.48, 13.8, 1.71, 0.309, 0.243, 0.444, 0.679, 2.84, 1.54, 2.69, 4.08, 0.778, 0.238, 2.12, 2.54, 0.719, 0.0265, 0.866, 1.04, 2.74, 4.73, 0.576, 1.2, 3.4, 3.37, 1.98, 0.624, 0.164, 0.838, 1.15, 0.778, 1, 1.15, 0.144, 1.55, 2.56, 0.0758, 0.696, 1.3, 0.039, 0.928, 1.32, 0.205, 0.0365, 0.163, 0.0462, 0.726, 1.15, 0.664, 0.889, 0.0404, 0.728, 1.02, 0.143, 1.25, 1.46, 0.492, 0.327, 2.21, 2.01, 2.04, 2, 0.0528, 0.591, 1.14, 1.02, 0.256, 0.125, 0.54, 19.2, 24.9, 1.58, 0.124, 0.267, 0.595, 0.629, 0.496, 0.0655, 0.0634, 0.348, 0.477, 0.203, 0.204, 0.271, 0.124, 0.421, 0.485, 0.157, 0.0422, 0.0506, 0.0423, 0.0136, 0.0166, 0.053, 0.0217, 0.0051, 0.0144, 0.1, 0.0514, 0.031, 0.0524, 0.0355, 0.018, 0.0117, 0.0191, 0.0493, 0.046, 0.0315, 0.00658, 0.00552, 0.00628, 0.00193, 0.00234, 0.000147, 0.00102, 0.000845, 0.000113, 0.000403, 0.00311, 0.0143, 0.00866, 0.000199, 0.00062, 0.00113, 0.000609, 0.000248, 0.00033, 2.71e-005, 5.59e-005, 0.000145, 3.8e-005, 0.000205, 0.00036, 4.77e-005, 3.86e-005, 0.000144, 1.3e-005, 3.57e-005, 1.93e-006, 2.17e-005, 1.47e-005, 8.45e-005, 1.6e-005, 4.93e-006, 2.28e-006, 4.26e-006, 3.39e-006, 8.91e-006, 3.17e-006, 2.05e-007, 1.7e-006, 1.77e-006, 2.1e-007, 3.79e-006, 3.52e-006, 8.37e-007, 6.76e-006, 3.58e-006, 3.58e-007, 4.46e-007, 3.57e-007, 2.15e-007, 2.65e-007, 1.78e-007, 2.75e-007, 2.6e-007, 1.54e-007, 9.6e-008, 1.93e-007, 7.82e-007, 5.52e-007, 1.25e-007, 3.03e-008, 1.52e-008, 2.72e-008, 4.61e-008, 1.08e-008, 3.37e-010, 1.96e-009, 4.63e-009, 3.6e-009, 1.64e-009, 1.07e-008, 7.55e-009, 1.17e-009, 1.62e-009, 4.91e-010, 9.46e-010, 8.28e-010, 8.23e-010, 2.28e-010, 1.49e-012, 8.85e-011, 3.38e-010, 2.86e-010, 8.33e-012, 9.31e-012, 1.17e-010, 1.51e-010, 4.82e-011, 3.09e-011, 3.16e-011, 1.61e-011, 1.75e-012, 2.39e-012, 7.02e-014, 1.53e-013, 3.77e-013, 4.02e-014, 2.05e-013, 4.38e-013, 9.44e-014, 1.2e-013, 1.88e-013, 1.82e-013, 1.72e-013, 1.54e-013, 1.56e-013, 1.49e-013, 1.51e-013, 1.46e-013, 1.46e-013, 1.45e-013, 1.44e-013, 1.43e-013, 1.42e-013
13:44:19, 5.07, 16, 29, 2.79, 48.6, 42.6, 15.5, 4.94, 6.23, 2.36, 3.97, 13.3, 12, 0.57, 5.24, 1.6, 1.58, 0.267, 6.48, 11.8, 6.32, 4.28, 1.95, 3.03, 1.61, 0.322, 0.447, 3.05, 6.83, 5.32, 12.4, 12.8, 1.65, 0.318, 0.762, 0.648, 1.36, 1.17, 0.226, 0.745, 2.59, 0.577, 0.0519, 1.68, 1.93, 0.315, 0.235, 1.24, 1.91, 3.56, 4.33, 1.19, 0.602, 2.51, 1.62, 1.01, 0.523, 0.0208, 0.773, 0.849, 0.149, 1.38, 1.65, 0.422, 2.34, 3.1, 0.238, 0.25, 1.22, 0.377, 1.01, 1.36, 0.0841, 0.0166, 0.179, 0.00602, 0.493, 1.82, 1.56, 0.725, 0.0312, 0.758, 1.05, 0.425, 1.16, 2.27, 1.27, 1.05, 1.74, 1.94, 1.94, 2.05, 0.494, 1.25, 1.34, 1.18, 0.411, 0.146, 0.0713, 18.7, 22.2, 1.01, 0.0705, 0.399, 0.959, 0.803, 0.491, 0.162, 0.0218, 0.221, 0.379, 0.142, 0.0735, 0.371, 0.307, 0.225, 0.299, 0.0548, 0.0115, 0.052, 0.0798, 0.0351, 0.03, 0.0676, 0.0284, 0.00795, 0.0407, 0.134, 0.103, 0.0325, 0.0238, 0.0522, 0.0318, 0.0113, 0.0133, 0.0334, 0.0369, 0.0179, 0.00138, 0.000997, 0.00599, 0.00416, 0.0026, 0.000287, 0.00179, 0.00184, 0.00017, 0.000173, 0.00553, 0.0163, 0.00727, 6.31e-005, 0.000148, 0.000632, 0.000514, 0.000203, 0.000412, 1.44e-005, 1.01e-006, 0.000143, 0.000101, 0.000295, 0.000326, 2.41e-005, 6.73e-005, 0.000118, 4.98e-005, 5.69e-005, 1.83e-005, 2.81e-005, 2.52e-005, 0.000134, 4.35e-005, 1.49e-005, 2.27e-006, 7.48e-006, 6.21e-006, 8.98e-006, 2.3e-006, 1.05e-007, 3.94e-007, 1.84e-006, 1.68e-006, 2.23e-006, 1.78e-006, 3.34e-006, 5.34e-006, 2.52e-006, 6.7e-007, 2.71e-007, 2.75e-007, 7.36e-008, 3.82e-007, 1.2e-007, 2.28e-007, 2.16e-007, 1.19e-007, 1.09e-007, 8.64e-008, 9.24e-007, 6.66e-007, 1.37e-007, 1.89e-008, 1.43e-008, 1.79e-008, 3.03e-008, 5.75e-010, 5.26e-009, 3.04e-010, 1.93e-009, 2.29e-009, 3.16e-009, 1.14e-008, 5.6e-009, 1.23e-010, 8.23e-010, 5.61e-010, 7.17e-010, 2.24e-010, 5.8e-010, 2.71e-010, 5.31e-012, 6.8e-011, 3.19e-010, 1.92e-010, 4.78e-011, 2e-012, 6.9e-011, 8.06e-011, 8.64e-012, 1.1e-011, 2.28e-011, 1.37e-011, 1.24e-012, 1.01e-012, 2.97e-013, 6.37e-014, 1.27e-013, 1.53e-013, 1.39e-013, 1.35e-014, 8.54e-014, 1.51e-014, 4.13e-014, 4.87e-014, 5e-014, 2.55e-014, 3.94e-014, 3.84e-014, 3.65e-014, 3.71e-014, 3.57e-014, 3.6e-014, 3.59e-014, 3.58e-014, 3.57e-014
13:44:19, 0.0449, 7.77, 20.8, 22.5, 41.3, 31.9, 12.3, 1.34, 7.47, 2.61, 2.8, 9.78, 11.1, 1.53, 5.34, 3.82, 2.1, 1.1, 2.49, 7.08, 4.81, 2.8, 0.699, 2.12, 1.97, 0.104, 1.19, 5.2, 6.48, 2.73, 11.1, 12, 0.466, 1.15, 0.753, 0.605, 1.45, 0.151, 0.273, 0.411, 1.64, 0.115, 0.0954, 1.72, 2.08, 0.316, 1.19, 1.16, 1.94, 2.34, 3.43, 1.01, 0.255, 1.2, 0.387, 0.245, 0.339, 0.0737, 0.413, 0.632, 0.124, 1.07, 1.38, 1.15, 3.16, 3.71, 0.519, 0.429, 1.18, 0.421, 0.742, 1.33, 0.167, 0.155, 0.192, 0.0292, 0.338, 2.2, 2.13, 0.258, 0.208, 1.06, 1.1, 0.419, 0.731, 1.75, 2.54, 2.03, 0.609, 1.19, 0.697, 1.62, 1.85, 1.94, 0.65, 0.959, 0.802, 0.493, 1.37, 20.8, 19.8, 0.678, 0.0373, 0.423, 0.897, 0.593, 0.246, 0.321, 0.0308, 0.212, 0.116, 0.107, 0.0667, 0.34, 0.326, 0.028, 0.164, 0.0297, 0.0013, 0.0338, 0.109, 0.0415, 0.0201, 0.0658, 0.0424, 0.012, 0.041, 0.142, 0.119, 0.0168, 0.0072, 0.0394, 0.042, 0.00231, 0.00569, 0.0144, 0.0128, 0.00843, 0.00134, 0.000851, 0.00434, 0.003, 0.00266, 0.00114, 0.00186, 0.0034, 0.000974, 0.000872, 0.00594, 0.0124, 0.00704, 0.000499, 1.18e-005, 0.00017, 0.000559, 0.000824, 0.000758, 8.51e-005, 4.08e-005, 0.00011, 0.00011, 0.000293, 0.000405, 1.14e-005, 0.000114, 3.15e-005, 0.000154, 0.00013, 6.17e-005, 2.64e-005, 5.75e-005, 0.000164, 0.00011, 3.66e-005, 1.65e-005, 1.33e-005, 8.8e-006, 5.07e-006, 1.71e-006, 2.93e-007, 4.99e-009, 1.9e-006, 2.98e-006, 6.74e-007, 4.34e-007, 3.82e-006, 3.69e-006, 7.93e-007, 6.07e-007, 8.61e-008, 2.47e-007, 1.08e-007, 4.41e-007, 2.59e-008, 1.71e-007, 1.27e-007, 4.17e-008, 1.12e-007, 1.5e-007, 8.83e-007, 4.79e-007, 9.04e-008, 7.48e-009, 1.87e-008, 1.75e-009, 3.72e-008, 5.03e-009, 7.07e-009, 1.41e-009, 1.5e-009, 7.28e-010, 1.56e-009, 1.03e-008, 6.02e-009, 2.27e-010, 2.92e-010, 9.2e-011, 5.6e-010, 9.8e-011, 4.05e-010, 4.25e-010, 1.61e-011, 1.12e-010, 1.59e-010, 1.13e-010, 4.2e-011, 2.55e-011, 2.82e-011, 3.6e-011, 6.11e-012, 7.27e-013, 9.43e-012, 9.83e-012, 1.47e-012, 6.68e-014, 1.11e-012, 1.15e-013, 2.88e-013, 5.04e-013, 2.89e-014, 1.57e-013, 1.2e-013, 2.36e-013, 4.1e-014, 8.67e-014, 8.93e-014, 7.38e-014, 8.86e-014, 7.88e-014, 7.6e-014, 7.67e-014, 7.53e-014, 7.45e-014, 7.38e-014, 7.33e-014, 7.31e-014
13:44:19, 3.27, 8.35, 12, 30.4, 28.2, 8.29, 12.8, 5.54, 6.16, 0.987, 0.726, 4.8, 9.09, 5.79, 4.89, 2.13, 4.28, 1.76, 0.932, 2.32, 2.09, 0.392, 2.23, 3.24, 1.66, 0.0519, 1.92, 5.55, 4.21, 0.173, 5.96, 11.9, 0.988, 2.24, 0.675, 0.365, 1.52, 0.0881, 0.438, 0.105, 1.36, 0.502, 0.444, 1.64, 2.73, 1.98, 2.2, 0.387, 1.28, 0.457, 2.18, 0.925, 0.167, 0.382, 0.224, 0.047, 0.162, 0.184, 0.111, 0.51, 0.589, 0.364, 0.853, 0.923, 3.22, 3.59, 0.687, 0.744, 1.37, 0.0339, 0.334, 1.07, 0.747, 0.474, 0.205, 0.013, 0.205, 2, 1.85, 0.09, 0.375, 1.53, 0.931, 0.105, 0.299, 0.836, 3.07, 1.85, 0.199, 0.697, 0.182, 1.22, 2.24, 2.07, 0.273, 0.644, 1.34, 0.845, 3.15, 21.4, 18.7, 0.544, 0.209, 0.176, 0.514, 0.335, 0.0515, 0.336, 0.228, 0.199, 0.00276, 0.0883, 0.153, 0.161, 0.215, 0.0305, 0.103, 0.0409, 0.00319, 0.0382, 0.094, 0.034, 0.00704, 0.0443, 0.0424, 0.00827, 0.0258, 0.107, 0.0784, 0.0138, 0.00282, 0.0186, 0.0387, 0.00406, 0.00231, 0.00713, 0.00291, 0.00396, 0.0016, 0.00125, 0.00371, 0.000394, 0.00204, 0.00131, 0.00115, 0.00377, 0.00414, 0.0037, 0.00245, 0.00728, 0.00568, 0.000551, 0.000168, 0.000115, 0.000564, 0.00215, 0.00121, 0.000164, 4.48e-005, 7.78e-005, 6e-005, 0.000193, 0.000555, 0.000191, 0.000152, 1.93e-005, 0.00025, 0.000192, 7.41e-005, 1.41e-005, 6.24e-005, 0.000151, 0.000134, 6.16e-005, 2.54e-005, 1.5e-005, 5.92e-006, 1.73e-006, 1.27e-006, 8.19e-008, 3.92e-007, 3.21e-006, 2.58e-006, 4.98e-008, 6.67e-010, 2.69e-006, 2.74e-006, 1.44e-007, 3.56e-007, 1.83e-008, 2.91e-007, 3.49e-007, 3.42e-007, 1.13e-007, 1.15e-007, 8.33e-008, 6.01e-008, 1.25e-007, 1.79e-007, 7.65e-007, 2.48e-007, 2.99e-008, 3.73e-008, 3.65e-008, 2.72e-008, 5.02e-008, 2.17e-008, 6.79e-009, 1.29e-009, 1.87e-009, 2.65e-010, 6.38e-012, 8.5e-009, 9.29e-009, 4.33e-010, 5.29e-010, 1.86e-010, 4.2e-010, 1.97e-010, 3.38e-010, 6.32e-010, 1.43e-010, 1.68e-010, 3.25e-011, 3.97e-011, 1.35e-011, 5.27e-011, 1.49e-012, 1.95e-011, 7.52e-012, 5.73e-013, 1.47e-012, 3.63e-012, 4.03e-012, 1.66e-013, 1.43e-012, 6.45e-013, 5.86e-013, 9.63e-014, 4.61e-013, 1.14e-013, 3.25e-015, 2.81e-013, 8.01e-014, 5.75e-014, 4.67e-014, 9.26e-014, 5.64e-014, 6.2e-014, 6.61e-014, 6.07e-014, 6.26e-014, 6.21e-014, 6.18e-014, 6.17e-014, 6.16e-014
13:44:19, 0.576, 4.84, 3.52, 18.2, 15.1, 0.229, 8.19, 15, 4.66, 0.26, 0.000854, 1.95, 6.05, 4.99, 5.18, 0.154, 7.03, 2.96, 1.63, 0.151, 0.747, 0.346, 4.15, 5.28, 0.778, 0.439, 2.42, 2.9, 2.41, 0.379, 2.02, 10.7, 5.41, 2.49, 0.558, 0.669, 1.72, 0.652, 0.579, 0.412, 1.04, 0.857, 1.24, 0.755, 2.69, 4.83, 2.38, 0.012, 0.617, 0.0735, 1.25, 1.09, 0.121, 0.12, 0.384, 0.0524, 0.179, 0.094, 0.0426, 0.328, 0.934, 0.00657, 0.448, 0.172, 2.18, 3.16, 0.243, 1.26, 1.53, 0.165, 0.0538, 0.753, 1.56, 0.816, 0.167, 0.000409, 0.106, 1.5, 1.21, 0.181, 0.421, 1.61, 0.79, 0.13, 0.145, 0.563, 2.28, 0.884, 0.35, 0.931, 0.852, 0.993, 1.12, 1.45, 0.577, 0.627, 1.07, 1.19, 2.34, 17.6, 18.7, 0.979, 0.0364, 0.0874, 0.2, 0.251, 0.059, 0.183, 0.434, 0.228, 0.0154, 0.0316, 0.197, 0.0169, 0.135, 0.135, 0.0656, 0.0266, 0.0176, 0.0327, 0.053, 0.0354, 0.0102, 0.0126, 0.0355, 0.00105, 0.0103, 0.0665, 0.0196, 0.0285, 0.00305, 0.0171, 0.0219, 0.0131, 0.00713, 0.0133, 0.00672, 0.00264, 0.000894, 0.00222, 0.00441, 0.00112, 0.00154, 0.000936, 0.000452, 0.0041, 0.00867, 0.00558, 0.000195, 0.00386, 0.00364, 0.000156, 0.000488, 0.000454, 0.00117, 0.00299, 0.00153, 0.000107, 5.6e-005, 9.65e-006, 8.38e-005, 0.000238, 0.00064, 0.000317, 0.00018, 0.000166, 0.000313, 0.000118, 7.44e-005, 1.68e-006, 5.28e-005, 7.92e-005, 9.42e-005, 5.67e-005, 1.99e-005, 8.96e-006, 3.23e-006, 5.63e-007, 3.9e-007, 5.43e-007, 2.47e-006, 5.71e-006, 1.71e-006, 2.32e-008, 1.09e-007, 2.02e-006, 2.94e-006, 8.16e-007, 3.87e-007, 2.07e-008, 4.44e-007, 4.03e-007, 1.64e-007, 2.82e-007, 6.9e-008, 4.71e-008, 2.03e-007, 1.72e-007, 7.93e-008, 6.98e-007, 1.5e-007, 4.23e-009, 7.57e-008, 8.81e-008, 7.19e-008, 4.06e-008, 3.31e-008, 1.1e-008, 1.72e-009, 4.6e-009, 1.23e-009, 5.51e-010, 6.57e-009, 1.34e-008, 2.38e-009, 6.55e-010, 3.02e-010, 7.07e-010, 1.24e-010, 4.52e-010, 6.69e-010, 2.62e-010, 1.68e-010, 2.19e-011, 4.18e-011, 1.23e-011, 5.57e-011, 9.1e-012, 1.15e-011, 5.12e-012, 3.91e-014, 2.18e-012, 2.35e-012, 3.27e-012, 1.57e-012, 3.34e-012, 4.19e-013, 1.3e-012, 1.35e-013, 3.78e-013, 4.05e-013, 6.58e-013, 1.15e-013, 4.6e-013, 2.08e-013, 2.37e-013, 2.77e-013, 2.34e-013, 2.47e-013, 2.37e-013, 2.42e-013, 2.39e-013, 2.38e-013, 2.37e-013, 2.37e-013, 2.37e-013
13:44:19, 4.12, 6.83, 4.03, 2.47, 13.8, 3.94, 0.689, 24.6, 11.3, 1.76, 0.484, 3.49, 2.56, 1.47, 5.91, 2.77, 6.75, 5.4, 3.21, 0.596, 0.324, 0.841, 5.84, 6.3, 0.5, 0.954, 2.31, 0.372, 1.73, 0.709, 0.895, 7.94, 8.99, 2.54, 0.088, 1.7, 1.89, 0.499, 1.01, 1.34, 0.533, 0.606, 2.13, 0.387, 2.9, 5.77, 1.98, 0.287, 0.231, 0.586, 0.957, 0.582, 0.157, 0.141, 0.319, 0.189, 0.445, 0.414, 0.171, 0.532, 1.07, 0.169, 0.186, 0.0118, 1.06, 2.77, 0.155, 1.5, 1.48, 0.557, 0.119, 0.758, 1.63, 0.938, 0.128, 0.0077, 0.0469, 1.2, 0.535, 0.229, 0.407, 1.05, 0.862, 0.184, 0.226, 0.693, 0.97, 0.52, 0.244, 1.56, 1.5, 0.482, 0.249, 0.577, 0.802, 0.368, 0.623, 0.639, 0.55, 12.1, 18.8, 1.63, 0.0159, 0.032, 0.137, 0.267, 0.0661, 0.0655, 0.36, 0.314, 0.0746, 0.028, 0.213, 0.0267, 0.0675, 0.165, 0.0449, 0.0134, 0.0224, 0.0161, 0.0115, 0.0465, 0.0252, 0.0061, 0.0305, 0.00173, 0.00875, 0.0397, 0.00138, 0.0359, 0.0191, 0.0231, 0.0066, 0.0114, 0.0168, 0.0225, 0.0136, 0.00196, 0.000271, 0.00225, 0.00563, 0.00514, 0.00263, 0.00195, 0.00192, 0.00569, 0.0101, 0.00447, 0.000834, 0.00253, 0.002, 5.8e-005, 0.00057, 0.0012, 0.00193, 0.00228, 0.00165, 8.54e-005, 0.000117, 5.97e-005, 0.000175, 0.000394, 0.000513, 0.000228, 0.000123, 0.000336, 0.000349, 1.01e-005, 5.97e-005, 1.67e-005, 4.2e-005, 9.88e-006, 4.95e-005, 1.86e-005, 1.38e-005, 4.24e-006, 4.4e-006, 4.9e-007, 1.88e-008, 1.97e-006, 7.15e-006, 8.16e-006, 7.59e-007, 1.2e-007, 9.77e-008, 1.63e-006, 2.82e-006, 1.75e-006, 6.53e-007, 1.48e-007, 7.66e-007, 3.28e-007, 9.09e-008, 2.75e-007, 7.17e-008, 5.55e-008, 3.42e-007, 1.95e-007, 1.49e-007, 6.61e-007, 1.52e-007, 1.03e-008, 9.52e-008, 1.28e-007, 8.07e-008, 1.7e-008, 2.81e-008, 2.32e-008, 8.2e-009, 8.76e-009, 2.88e-009, 6.28e-010, 5e-009, 1.57e-008, 6.27e-009, 7.12e-010, 3.41e-010, 1.19e-009, 2.62e-010, 5.98e-010, 6.41e-010, 9.81e-011, 2.29e-010, 1.21e-010, 2.84e-011, 4.01e-011, 5.58e-011, 3.47e-011, 4.57e-012, 6.29e-012, 1e-012, 1.2e-012, 1.16e-012, 9.8e-012, 1.36e-012, 4.49e-012, 8.26e-015, 1.75e-012, 2.96e-013, 3.12e-013, 1.04e-012, 5.07e-013, 3.64e-013, 6.24e-013, 3.6e-013, 4.65e-013, 3.73e-013, 4.35e-013, 3.99e-013, 4.04e-013, 4e-013, 3.97e-013, 3.96e-013, 3.95e-013, 3.94e-013, 3.93e-013
13:44:19, 14.2, 23.8, 18, 4.54, 21.3, 12, 3.31, 29.4, 28.4, 10.1, 5.54, 6.26, 0.483, 0.474, 6.62, 5.88, 4.81, 3.89, 5.18, 3.26, 0.772, 1.78, 6.31, 4.77, 1.45, 1.61, 1.53, 0.0457, 1.06, 0.509, 0.807, 4.92, 7.18, 2.74, 0.158, 2.4, 2.3, 0.0312, 1.53, 1.51, 0.448, 0.529, 1.72, 1.53, 4.68, 3.78, 1.35, 0.523, 0.103, 0.904, 0.544, 0.177, 0.141, 0.2, 0.202, 0.192, 0.946, 1.4, 0.862, 1.38, 1.05, 0.263, 0.0936, 0.0933, 0.529, 2.15, 1.32, 1.16, 0.952, 0.668, 0.237, 0.79, 1.05, 0.549, 0.25, 0.0578, 0.0999, 1.24, 0.335, 0.199, 0.126, 0.601, 0.713, 0.0569, 0.344, 0.507, 0.247, 0.426, 0.335, 1.85, 1.36, 0.07, 0.0125, 0.148, 0.504, 0.0756, 0.252, 0.0094, 0.101, 9.82, 19.1, 1.29, 0.0333, 0.186, 0.307, 0.157, 0.0285, 0.0121, 0.245, 0.217, 0.193, 0.148, 0.24, 0.111, 0.00883, 0.145, 0.0644, 0.0201, 0.00914, 0.00573, 1.69e-005, 0.0428, 0.047, 0.0274, 0.0341, 0.0049, 0.0118, 0.0206, 0.0206, 0.0445, 0.0369, 0.0199, 0.0024, 0.00912, 0.0133, 0.0271, 0.0177, 0.000821, 6.68e-007, 0.00147, 0.00477, 0.00811, 0.00511, 0.00271, 0.00401, 0.0081, 0.00539, 0.00326, 0.000783, 0.00213, 0.00118, 0.00012, 0.000655, 0.00161, 0.00167, 0.000861, 0.00128, 0.000489, 0.000269, 0.000163, 0.000188, 0.000416, 0.000254, 8.73e-005, 1.75e-005, 0.000375, 0.000373, 3.11e-005, 4.49e-005, 1.39e-005, 4.31e-005, 8.64e-006, 3.1e-005, 2.5e-006, 1.8e-005, 7.19e-006, 7.43e-006, 5.46e-007, 9.73e-008, 3.05e-006, 1.38e-005, 1.03e-005, 2.12e-007, 6.93e-007, 5.89e-008, 1.87e-006, 1.19e-006, 2.03e-006, 9.02e-007, 3.71e-007, 8.76e-007, 4.97e-007, 1.84e-007, 1.46e-007, 6.1e-008, 1.24e-007, 4.09e-007, 1.77e-007, 2.15e-007, 6.83e-007, 2.15e-007, 3.02e-008, 9.99e-008, 8.67e-008, 5.93e-008, 5.07e-009, 1.81e-008, 3.46e-008, 1.55e-008, 6.92e-009, 6.57e-009, 5.61e-010, 5.15e-009, 1.19e-008, 9.27e-009, 1.54e-009, 8.94e-010, 1.15e-009, 5.53e-010, 7.21e-010, 4.54e-010, 1.09e-011, 2.87e-010, 1.92e-010, 4.01e-011, 2.44e-011, 8.07e-011, 3.87e-011, 7.68e-013, 3.16e-012, 1.23e-012, 6.94e-012, 7.61e-012, 3.53e-012, 3.23e-012, 3.78e-012, 2.97e-013, 4.89e-013, 3.59e-013, 5.27e-013, 2.44e-013, 3.74e-014, 3.26e-013, 1.12e-013, 7.24e-014, 1.43e-013, 8.45e-014, 9.79e-014, 9.6e-014, 9.58e-014, 9.05e-014, 9e-014, 8.89e-014, 8.79e-014, 8.72e-014, 8.68e-014
13:44:19, 5.64, 49.8, 39.7, 23.6, 33.9, 14.3, 9.25, 32, 34.2, 23.9, 15.3, 8.27, 0.666, 2.35, 8.63, 3.13, 3.06, 0.685, 5.11, 6.91, 3.41, 4.11, 3.54, 2.33, 2.09, 2.29, 0.599, 0.555, 0.684, 0.332, 1.08, 1.81, 3.47, 2.23, 0.711, 2.04, 3.15, 0.949, 1.43, 0.758, 0.829, 0.959, 0.541, 2.49, 6.65, 2.34, 0.649, 1.05, 0.377, 0.653, 0.236, 0.0129, 0.0812, 0.133, 0.29, 0.185, 1.62, 1.83, 1.97, 2.16, 0.661, 0.151, 0.0475, 0.0605, 0.175, 1.6, 1.91, 0.74, 0.209, 0.657, 0.0824, 0.708, 0.379, 0.151, 0.293, 0.283, 0.651, 1.29, 0.409, 0.275, 0.0629, 0.355, 0.409, 0.0314, 0.309, 0.397, 0.135, 0.4, 0.379, 1.69, 0.802, 0.0398, 0.00858, 0.0532, 0.242, 0.0587, 0.0339, 0.0875, 0.439, 13.3, 20.7, 0.839, 0.459, 0.444, 0.295, 0.0799, 0.00132, 0.0748, 0.269, 0.0329, 0.443, 0.233, 0.174, 0.186, 0.0172, 0.15, 0.0986, 0.0202, 0.0121, 0.0072, 0.0059, 0.0287, 0.0676, 0.0432, 0.0272, 0.0133, 0.0112, 0.00455, 0.0387, 0.0595, 0.0241, 0.0124, 0.00822, 0.0107, 0.0016, 0.0254, 0.0176, 0.000493, 0.000129, 0.000916, 0.00192, 0.00756, 0.00689, 0.00116, 0.00495, 0.00691, 0.00145, 0.00158, 0.000257, 0.00235, 0.00124, 0.000156, 0.000661, 0.00114, 0.000736, 9.56e-005, 0.000686, 0.000957, 0.000421, 0.00017, 9.7e-005, 0.000256, 0.000101, 2.18e-005, 1.9e-005, 0.000274, 0.000365, 0.000115, 4.2e-005, 3.31e-006, 5.21e-005, 4.01e-005, 3.35e-005, 1.92e-005, 2.28e-005, 1.27e-005, 8e-006, 1.68e-006, 2.34e-007, 6.1e-006, 1.62e-005, 9.66e-006, 2.18e-006, 2.28e-006, 1.6e-006, 2.5e-006, 1.11e-008, 1.68e-006, 7.48e-007, 3.36e-007, 6.55e-007, 7.73e-007, 2.74e-007, 3.34e-008, 1.63e-008, 1.85e-007, 3.81e-007, 1.2e-007, 1.25e-007, 7.12e-007, 2.97e-007, 3.58e-008, 7.75e-008, 2.27e-008, 3.05e-008, 1.42e-008, 1.01e-008, 3.07e-008, 2.07e-008, 1.2e-009, 1.2e-008, 3.72e-009, 3.41e-009, 6.24e-009, 7.34e-009, 2.84e-009, 1.9e-009, 5.49e-010, 5.63e-010, 5.81e-010, 2.11e-010, 2.04e-010, 2.21e-010, 2.21e-010, 3.46e-011, 2.11e-011, 8.63e-011, 2.52e-011, 2.23e-012, 7.92e-013, 1.09e-011, 1.07e-011, 9.01e-012, 1.03e-012, 3.58e-012, 3.44e-012, 1.58e-012, 1.1e-013, 1.2e-012, 7.23e-014, 3.25e-013, 1.66e-013, 4.42e-013, 8.85e-014, 1.4e-013, 1.69e-013, 1.59e-013, 1.24e-013, 1.26e-013, 1.15e-013, 1.13e-013, 1.07e-013, 1.02e-013, 9.89e-014, 9.64e-014, 9.5e-014
13:44:20, 12.2, 74.8, 55.2, 18.9, 64, 12.4, 19, 33.2, 16, 42.4, 12.5, 9.65, 5.17, 7.36, 8.88, 0.393, 1.73, 0.218, 3.25, 7.09, 8.09, 5.26, 0.584, 0.943, 1.07, 2.95, 0.0935, 0.8, 0.718, 0.085, 0.852, 0.363, 0.856, 1.25, 0.654, 1.15, 3.32, 3.37, 0.882, 0.319, 0.696, 1.36, 0.13, 2.77, 6.06, 2.53, 1.11, 1.83, 0.789, 0.18, 0.165, 0.0183, 0.0263, 0.0623, 0.592, 0.891, 1.97, 0.96, 2.42, 2.27, 0.237, 0.042, 0.00719, 0.0255, 0.131, 0.94, 1.29, 0.333, 0.0476, 0.643, 0.0552, 0.534, 0.103, 0.0172, 0.141, 0.618, 1.49, 1.24, 0.188, 0.494, 0.361, 0.175, 0.175, 0.145, 0.146, 0.476, 0.482, 0.394, 0.149, 1.47, 0.373, 0.0748, 0.0551, 0.00671, 0.264, 0.265, 0.0271, 0.0921, 1.24, 18.9, 24.6, 1.97, 0.498, 0.658, 0.226, 0.0448, 0.0694, 0.238, 0.401, 0.233, 0.781, 0.202, 0.123, 0.201, 0.0575, 0.156, 0.133, 0.00128, 0.0407, 0.0286, 0.0036, 0.0251, 0.0608, 0.0303, 0.0151, 0.0127, 0.00745, 0.000199, 0.0444, 0.0601, 0.00482, 0.00352, 0.0114, 0.0139, 0.00194, 0.0176, 0.0159, 0.00124, 0.000406, 0.000659, 0.000345, 0.00674, 0.00625, 9.87e-005, 0.00312, 0.00493, 7.81e-005, 0.000199, 0.0017, 0.00379, 0.00219, 0.000301, 0.000268, 0.000483, 0.000198, 4.84e-005, 0.000255, 0.000992, 0.000423, 7.25e-005, 6.44e-006, 0.000115, 9.31e-005, 2.11e-005, 6.23e-005, 0.00016, 0.000263, 0.000117, 4.38e-005, 2.65e-005, 5.02e-005, 4.52e-005, 3.26e-005, 3.34e-005, 2.1e-005, 9.2e-006, 6.07e-006, 3.57e-006, 1.92e-006, 9.74e-006, 1.25e-005, 4.82e-006, 5.16e-006, 4.76e-006, 4.47e-006, 2.65e-006, 5.14e-007, 1.24e-006, 3.59e-007, 1.94e-007, 1.95e-007, 8.72e-007, 3.12e-007, 1.19e-008, 1.82e-008, 2.05e-007, 3.15e-007, 2.59e-008, 4.24e-008, 7.52e-007, 3.41e-007, 9.59e-009, 5.54e-008, 3.46e-009, 1.08e-008, 1.93e-008, 4.46e-009, 2.08e-008, 2.72e-008, 4.69e-009, 1.61e-008, 6.34e-009, 1.25e-009, 2.37e-009, 3.49e-009, 2.41e-009, 2.43e-009, 3.22e-010, 4.96e-010, 3.26e-010, 8.81e-011, 3.43e-010, 1.45e-010, 8.88e-011, 8.77e-011, 5.33e-011, 3.99e-011, 1.46e-011, 4.01e-012, 9.25e-013, 1.72e-011, 1.13e-011, 5.28e-012, 1.66e-012, 3.9e-012, 1.9e-012, 2.01e-012, 1.44e-013, 6.21e-013, 1.85e-013, 9.05e-014, 2.43e-013, 7.16e-014, 1.56e-013, 9.61e-014, 1.11e-013, 1.06e-013, 9.73e-014, 9.82e-014, 9.97e-014, 9.52e-014, 9.5e-014, 9.36e-014, 9.31e-014, 9.27e-014, 9.24e-014
13:44:20, 22.6, 109, 93.6, 8.4, 125, 47.3, 53.7, 42.4, 15, 54.1, 3.04, 10.6, 10.1, 11.4, 7.71, 0.388, 1.27, 2.83, 0.965, 4.68, 9.77, 4.31, 0.0659, 0.493, 0.816, 3.73, 0.575, 0.562, 0.663, 0.669, 1.09, 0.598, 0.0342, 0.657, 0.0567, 0.29, 2.49, 4.75, 1.55, 0.627, 0.0299, 1.76, 1.06, 2.58, 3.38, 2.44, 1.76, 2.18, 0.893, 0.00282, 0.175, 0.0247, 0.0179, 0.166, 0.864, 1.9, 1.78, 0.0491, 1.87, 1.63, 0.189, 0.0308, 0.0162, 0.0848, 0.402, 0.161, 0.843, 0.0223, 0.382, 0.769, 0.355, 0.279, 0.159, 0.00721, 0.0985, 0.531, 2.06, 1.15, 0.0117, 0.542, 0.632, 0.0833, 0.11, 0.178, 0.034, 0.488, 0.765, 0.357, 0.239, 1.16, 0.351, 0.118, 0.133, 0.0778, 0.402, 0.51, 0.129, 0.0923, 1.44, 22.7, 29.4, 3.27, 0.164, 0.651, 0.303, 0.0982, 0.184, 0.32, 0.516, 0.611, 0.993, 0.341, 0.212, 0.165, 0.0434, 0.119, 0.161, 0.036, 0.115, 0.0686, 0.00505, 0.0212, 0.0348, 0.0105, 0.00498, 0.00505, 0.00228, 0.00483, 0.048, 0.0539, 0.000536, 0.000696, 0.0101, 0.0131, 0.00874, 0.0106, 0.00921, 0.00446, 0.001, 0.00144, 0.00193, 0.00931, 0.00675, 0.000186, 0.00175, 0.00543, 0.000307, 0.000977, 0.00395, 0.00514, 0.00329, 0.000555, 0.000292, 0.000235, 7.24e-005, 0.000156, 8.22e-005, 0.000803, 0.000238, 1.82e-005, 1.29e-005, 4.65e-005, 8.42e-005, 7.31e-005, 2.31e-005, 8.11e-005, 0.000121, 5.07e-005, 4.03e-005, 5.26e-005, 2.46e-005, 3.12e-005, 1.19e-005, 3.58e-005, 1.07e-005, 4.84e-006, 1.01e-006, 5.73e-006, 4.78e-006, 8.28e-006, 7.61e-006, 5.69e-007, 4.97e-006, 6.68e-006, 4.8e-006, 2.32e-006, 1.23e-006, 5.85e-007, 4.82e-007, 3.05e-007, 5.33e-008, 8.77e-007, 2.91e-007, 5.07e-008, 9.78e-008, 2.22e-007, 1.96e-007, 2.13e-008, 1.3e-007, 9.37e-007, 2.89e-007, 4.16e-010, 4.25e-008, 3.6e-008, 3.77e-009, 2.21e-008, 8.6e-009, 2.16e-008, 2.26e-008, 1.92e-008, 2.12e-008, 1.98e-009, 1.81e-009, 3.26e-009, 1.05e-009, 1.01e-009, 2.04e-009, 6.5e-010, 4.77e-010, 3.26e-010, 1.76e-010, 2.71e-010, 5.84e-011, 5.78e-012, 1.19e-010, 6.98e-011, 9.28e-012, 4.22e-012, 7.88e-012, 2.86e-012, 2.23e-011, 1.54e-011, 2.28e-012, 4.17e-012, 2.14e-012, 1.43e-012, 1.08e-012, 3.46e-013, 1.05e-014, 1.71e-013, 9.6e-014, 8.61e-014, 6.99e-015, 1e-013, 3.09e-014, 2.44e-014, 2.68e-014, 3.27e-014, 2.35e-014, 2.12e-014, 2.04e-014, 1.98e-014, 1.83e-014, 1.76e-014, 1.71e-014, 1.67e-014
13:44:20, 6.82, 105, 148, 77.8, 184, 111, 87.6, 66.7, 47.3, 51.7, 6.16, 10.8, 9.37, 8.27, 10.7, 0.214, 4.06, 7.11, 0.381, 2.87, 5.81, 3.73, 0.22, 0.478, 2.37, 3.96, 1.79, 0.274, 0.487, 2.01, 2.19, 1.32, 0.502, 0.577, 0.149, 0.0241, 1.51, 3.39, 3.45, 1.25, 0.271, 1.74, 2.54, 1.46, 1.13, 1.24, 1.22, 1.96, 0.515, 0.12, 0.293, 0.0772, 0.0458, 0.155, 1.04, 1.93, 1.16, 0.305, 1.24, 0.577, 0.492, 0.165, 0.184, 0.45, 0.694, 0.0809, 0.895, 0.2, 0.721, 0.829, 0.485, 0.057, 0.352, 0.113, 0.102, 0.255, 1.88, 1.3, 0.133, 0.257, 0.824, 0.156, 0.0447, 0.203, 0.107, 0.419, 0.48, 0.541, 0.189, 0.901, 0.775, 0.27, 0.104, 0.127, 0.658, 0.719, 0.0943, 0.225, 0.565, 23.7, 32.8, 2.89, 0.195, 0.208, 0.609, 0.31, 0.121, 0.314, 0.398, 0.614, 0.905, 0.548, 0.353, 0.173, 0.0383, 0.0282, 0.195, 0.216, 0.167, 0.0867, 0.0324, 0.00995, 0.0175, 0.00552, 0.000579, 0.00149, 0.000101, 0.00791, 0.0413, 0.055, 0.01, 0.0046, 0.0076, 0.00829, 0.00861, 0.00521, 0.0027, 0.00722, 0.00207, 0.00217, 0.00468, 0.0118, 0.0106, 0.00156, 0.00391, 0.00586, 0.0024, 0.00323, 0.00494, 0.00407, 0.00279, 0.00143, 0.000914, 0.000268, 4.19e-005, 0.000235, 0.000127, 0.000696, 0.000135, 1.11e-006, 3.49e-005, 3.42e-005, 4.76e-005, 0.000161, 6.95e-006, 3.63e-005, 3.8e-005, 2.86e-005, 2.83e-005, 5.36e-005, 2.3e-006, 2.01e-005, 1.26e-007, 2.77e-005, 9.06e-006, 4.32e-006, 1.66e-006, 8.59e-006, 3.4e-006, 4.99e-006, 3.57e-006, 2.91e-007, 2.99e-006, 4.64e-006, 3.44e-006, 9.28e-007, 1.39e-006, 4.19e-008, 8.1e-007, 9.23e-007, 7.53e-007, 7.34e-007, 1.67e-007, 9.27e-008, 1.71e-007, 1.87e-007, 6.54e-008, 1.33e-007, 3.77e-007, 1.23e-006, 3.5e-007, 5.19e-009, 7.1e-008, 1.09e-007, 2.58e-008, 3.68e-008, 2.84e-008, 1.95e-008, 9.49e-009, 2.59e-008, 2.37e-008, 2.54e-009, 6.16e-009, 7.76e-009, 1.52e-009, 2.28e-010, 1.19e-009, 8.94e-010, 3.33e-010, 3.13e-010, 3.63e-010, 1.89e-010, 3.82e-012, 4.07e-011, 2.19e-010, 8.02e-011, 1.67e-011, 6.59e-012, 1.08e-011, 8.24e-012, 3.47e-011, 1.8e-011, 5.15e-012, 6.55e-012, 5.25e-013, 7.55e-013, 2.76e-013, 1.92e-013, 8.87e-014, 3.47e-014, 2.18e-013, 2.17e-015, 2.2e-014, 6.87e-014, 1.8e-014, 2.54e-014, 1.73e-014, 1.82e-014, 2.19e-014, 1.7e-014, 1.74e-014, 1.71e-014, 1.66e-014, 1.63e-014, 1.61e-014, 1.59e-014
13:44:20, 1.23, 90.5, 171, 166, 186, 120, 79.8, 73.5, 66.3, 42.1, 11.1, 10.6, 5.94, 4, 14.7, 4.93, 10.7, 11.2, 3.27, 0.904, 2.65, 2.73, 0.143, 0.775, 4.01, 2.79, 2.03, 0.529, 0.731, 2.62, 2.73, 1.67, 0.947, 0.568, 0.581, 0.637, 0.971, 1.37, 4.75, 1.68, 0.48, 1.81, 2.45, 0.411, 0.121, 0.469, 0.389, 1.27, 0.203, 0.222, 0.594, 0.326, 0.0608, 0.106, 0.847, 1.05, 0.524, 0.719, 1.15, 0.000792, 0.846, 0.33, 0.416, 1.19, 0.955, 0.339, 1.09, 1.2, 0.758, 0.434, 0.575, 0.0817, 0.611, 0.422, 0.0538, 0.147, 1.15, 1.58, 0.229, 0.132, 0.753, 0.444, 0.00931, 0.347, 0.519, 0.245, 0.195, 0.658, 0.0101, 0.781, 1.13, 0.398, 0.0667, 0.116, 0.816, 0.685, 0.0882, 0.345, 0.328, 25, 32.2, 2.53, 0.0755, 0.0112, 0.815, 0.725, 0.011, 0.322, 0.0957, 0.336, 0.504, 0.514, 0.279, 0.266, 0.182, 0.0696, 0.302, 0.412, 0.133, 0.0583, 0.0744, 0.00944, 0.017, 0.0107, 0.000384, 0.00156, 0.00198, 0.00353, 0.0261, 0.0484, 0.0208, 0.00779, 0.00431, 0.00294, 0.00252, 0.00322, 0.00148, 0.00749, 0.00209, 0.00164, 0.00597, 0.00834, 0.0128, 0.00666, 0.00509, 0.00424, 0.00426, 0.00542, 0.00361, 0.00179, 0.001, 0.00223, 0.00271, 0.000543, 0.000169, 0.000438, 0.000359, 0.000513, 0.00019, 6.77e-006, 5.93e-005, 7.04e-005, 9.33e-005, 0.000214, 8.88e-005, 4.41e-005, 4.89e-005, 6.03e-005, 2.05e-005, 3.25e-005, 1.39e-005, 1.87e-005, 8.24e-006, 1.72e-005, 1.4e-005, 7.2e-006, 1.03e-005, 1.25e-005, 9.12e-007, 2.96e-006, 1.48e-006, 1.25e-006, 2.24e-006, 1.21e-006, 2.56e-006, 2.53e-007, 1.01e-006, 7.51e-008, 9.02e-007, 1.67e-006, 1.51e-006, 6.23e-007, 2.8e-008, 5.14e-008, 1.93e-007, 1.83e-007, 3.29e-008, 2.18e-007, 6.28e-007, 1.33e-006, 5.51e-007, 5.67e-008, 1.25e-007, 1.64e-007, 8.95e-008, 4.08e-008, 2.98e-008, 1.97e-008, 1.1e-009, 1.7e-008, 1.85e-008, 1.25e-008, 1.4e-008, 1.21e-008, 3.45e-009, 8.57e-011, 1.08e-009, 3.73e-010, 2.11e-010, 1.19e-010, 4.01e-010, 1.3e-010, 5.49e-011, 1.59e-010, 3.94e-010, 1.94e-010, 3.87e-011, 2.44e-011, 1.4e-011, 1.5e-011, 2.27e-011, 3.44e-011, 1.3e-011, 4.01e-012, 2.15e-013, 2.03e-013, 7.05e-013, 2.04e-013, 1.34e-013, 2.91e-013, 1.43e-013, 3.61e-013, 4.61e-014, 2.7e-013, 1.17e-013, 1.35e-013, 1.11e-013, 1.6e-013, 1.25e-013, 1.36e-013, 1.31e-013, 1.31e-013, 1.3e-013, 1.3e-013, 1.29e-013, 1.29e-013
13:44:20, 11.6, 66.7, 132, 134, 136, 55.2, 39.9, 46, 41.6, 31, 4.64, 9.28, 5.32, 5.22, 14.3, 11.3, 16.4, 12.9, 4.32, 0.954, 2.63, 1.11, 0.452, 1.68, 5.79, 0.554, 1.91, 0.904, 0.749, 2.33, 1.75, 1.2, 0.909, 0.27, 0.768, 1.95, 1.15, 1.47, 3.51, 1.88, 0.138, 1.66, 1.73, 0.0105, 0.182, 0.557, 0.522, 0.434, 0.174, 0.212, 0.946, 0.719, 0.125, 0.176, 0.304, 0.43, 0.099, 0.356, 1.21, 0.8, 1.46, 0.202, 0.586, 1.97, 1.16, 0.163, 1.24, 2.4, 0.744, 0.237, 0.567, 0.248, 0.888, 0.745, 0.0923, 0.0712, 0.532, 1.43, 0.434, 0.21, 0.383, 0.817, 0.283, 0.605, 0.727, 0.219, 0.203, 0.624, 0.131, 0.483, 1.33, 0.205, 0.135, 0.31, 0.645, 0.454, 0.186, 0.319, 1.76, 26.9, 28.8, 1.85, 0.157, 0.215, 0.923, 0.882, 0.245, 0.414, 0.0314, 0.103, 0.186, 0.228, 0.0888, 0.28, 0.45, 0.351, 0.401, 0.371, 0.116, 0.0402, 0.0784, 0.0287, 0.0296, 0.00885, 0.00221, 0.00444, 0.0047, 0.000133, 0.0143, 0.0268, 0.0219, 0.00704, 0.00123, 8.05e-005, 5.64e-005, 0.0035, 0.00396, 0.00537, 0.00152, 0.00136, 0.00368, 0.00279, 0.0101, 0.013, 0.00274, 0.00204, 0.00324, 0.00479, 0.00289, 0.000975, 0.00108, 0.0033, 0.00508, 0.00143, 0.000654, 0.000716, 0.000273, 0.000312, 0.000293, 5.46e-005, 0.000123, 0.00012, 0.000144, 0.000232, 0.000155, 6.42e-005, 9.05e-005, 0.000129, 1.08e-005, 3.84e-005, 3.53e-005, 1.81e-005, 1.21e-005, 7.91e-006, 1.73e-005, 4.12e-006, 2.14e-005, 2.08e-005, 6.71e-007, 1.96e-006, 3.55e-006, 3.63e-006, 2.93e-006, 1.3e-006, 1.92e-006, 1.18e-006, 6.95e-007, 1.76e-007, 1.09e-006, 1.54e-006, 1.44e-006, 7.46e-007, 1.02e-007, 6.68e-008, 2.49e-007, 2.54e-007, 9.33e-008, 1.79e-007, 5.83e-007, 1.02e-006, 6.46e-007, 1.67e-007, 8.63e-008, 1.72e-007, 1.55e-007, 1.79e-008, 2.17e-008, 1.51e-008, 4.86e-009, 9.6e-009, 6.28e-009, 2.44e-008, 1.75e-008, 1.1e-008, 5.09e-009, 7.41e-010, 1.13e-009, 1.73e-010, 1.3e-010, 1.19e-011, 3.54e-010, 4.71e-011, 9.79e-011, 3.49e-010, 5.12e-010, 2.66e-010, 8.97e-011, 1.63e-011, 1.85e-011, 9.9e-012, 1.06e-011, 3.82e-011, 1.28e-011, 2.89e-012, 1.09e-012, 6.94e-013, 6.4e-013, 2.16e-013, 2.35e-013, 1.39e-013, 5.35e-013, 9.75e-014, 2.08e-013, 2.39e-013, 1.74e-013, 1.13e-013, 1.7e-013, 1.33e-013, 1.5e-013, 1.33e-013, 1.34e-013, 1.31e-013, 1.29e-013, 1.27e-013, 1.26e-013, 1.26e-013
13:44:20, 9.52, 32.4, 65.7, 35.8, 68.1, 8.57, 5.85, 14.6, 10.2, 18.2, 0.251, 5.34, 4.62, 7.55, 10.4, 8.32, 17.5, 10.3, 1.66, 3.04, 4.75, 1.44, 0.993, 3.99, 6.59, 0.936, 1.88, 0.695, 0.444, 1.46, 0.507, 0.521, 0.402, 0.0557, 0.75, 2.73, 2.32, 2.4, 1.46, 1.29, 0.214, 1.59, 0.966, 0.212, 0.851, 1.57, 0.435, 0.16, 0.112, 0.351, 0.832, 0.987, 0.36, 0.107, 0.0577, 0.182, 0.0637, 0.0209, 1.17, 2.44, 2.21, 0.316, 0.897, 2.21, 0.816, 0.0276, 1.37, 2.74, 0.789, 0.593, 0.83, 0.0795, 1.51, 0.768, 0.09, 0.0049, 0.262, 0.712, 0.962, 0.402, 0.138, 1.3, 0.624, 0.57, 0.624, 0.212, 0.278, 0.458, 0.509, 0.0594, 1.7, 0.355, 0.463, 0.908, 0.328, 0.207, 0.402, 0.25, 2.47, 25.9, 26.4, 0.592, 0.556, 0.371, 0.928, 0.573, 0.512, 0.599, 0.321, 0.0731, 0.121, 0.0242, 0.00609, 0.199, 0.537, 0.673, 0.374, 0.133, 0.257, 0.14, 0.0262, 0.0701, 0.0527, 0.00104, 0.00478, 0.00723, 0.00716, 0.000579, 0.00745, 0.0115, 0.0107, 0.00981, 0.00245, 0.00271, 0.00302, 0.0059, 0.003, 0.00291, 0.00253, 0.00223, 0.000253, 0.00134, 0.00792, 0.0176, 0.000255, 0.000817, 0.00179, 0.00109, 0.00429, 0.00485, 0.0048, 0.00459, 0.0049, 0.003, 0.00108, 0.000562, 0.000165, 0.000236, 0.00026, 0.000114, 0.000196, 8.91e-005, 0.000137, 0.00015, 0.000144, 5.43e-005, 7.93e-005, 0.000214, 7.67e-005, 7.25e-005, 2.37e-005, 1.56e-005, 8.84e-006, 2.16e-006, 2.32e-005, 7.18e-007, 3.86e-005, 3.91e-005, 3.47e-006, 7.49e-006, 1.14e-005, 1.12e-005, 7.21e-006, 1.52e-006, 9.97e-007, 3.01e-006, 9.49e-007, 3.24e-007, 1.08e-006, 7.24e-007, 5.82e-007, 9.7e-007, 4.2e-007, 2.34e-007, 3.18e-007, 2.7e-007, 1.46e-007, 5.18e-008, 3e-007, 5.03e-007, 4.55e-007, 2.07e-007, 2.34e-008, 1.38e-007, 1.8e-007, 9.62e-009, 1.53e-008, 7.35e-009, 1.03e-008, 6.53e-009, 3.97e-009, 2.83e-008, 1.13e-008, 6.09e-009, 5.43e-009, 8.19e-010, 1.09e-009, 7.1e-010, 2.12e-010, 4.47e-011, 2.68e-010, 9.22e-011, 1.82e-010, 4.29e-010, 3.65e-010, 2.38e-010, 8.97e-011, 8.78e-012, 1.1e-011, 1.5e-011, 2.36e-011, 1.33e-011, 1.21e-011, 2.21e-012, 9.86e-013, 1.6e-012, 6.09e-013, 3.89e-013, 4.99e-013, 2.7e-013, 2.48e-013, 4.02e-013, 2.93e-013, 2.51e-013, 3.07e-013, 1.56e-013, 2.88e-013, 2.12e-013, 2.09e-013, 2.17e-013, 2.09e-013, 2.06e-013, 2.04e-013, 2.02e-013, 2.01e-013, 2e-013
13:44:20, 0.0235, 11.3, 24, 0.934, 32.3, 0.627, 1.18, 2.28, 0.649, 8.43, 3.93, 2.21, 1.77, 5.22, 6.1, 1.45, 12.6, 6.47, 0.052, 3.98, 6.45, 3.71, 2.45, 4.17, 5.99, 3.79, 1.8, 0.203, 0.0957, 0.606, 0.378, 0.342, 0.00907, 0.221, 0.793, 2.02, 3.04, 2.15, 0.329, 0.461, 1.15, 1.54, 0.286, 0.601, 2.3, 3.77, 0.482, 0.277, 0.0174, 0.669, 0.283, 0.902, 0.793, 0.0106, 0.101, 0.275, 0.57, 0.246, 1.32, 2.69, 2.66, 0.885, 0.842, 1.99, 0.326, 0.197, 1.96, 2.46, 0.3, 1.39, 1.77, 0.673, 2.23, 0.604, 0.0281, 0.0435, 0.108, 0.226, 0.953, 0.817, 0.69, 1.7, 0.556, 0.272, 0.541, 0.019, 0.401, 0.0786, 1.09, 0.484, 2.79, 1.44, 0.861, 1.06, 0.524, 0.433, 0.251, 0.374, 1.06, 21.6, 26.1, 1.22, 0.444, 0.343, 0.598, 0.269, 0.393, 0.838, 0.42, 0.197, 0.202, 0.033, 0.0685, 0.153, 0.304, 0.747, 0.248, 0.0305, 0.442, 0.425, 0.115, 0.204, 0.113, 0.0101, 0.00306, 0.0184, 0.0174, 0.000635, 0.00764, 0.00744, 0.00725, 0.0193, 0.0108, 0.0147, 0.0138, 0.00767, 0.000521, 0.000419, 0.00424, 0.00405, 0.000875, 0.00283, 0.0128, 0.0203, 0.00296, 0.00107, 0.00166, 0.000434, 0.00574, 0.0139, 0.0099, 0.00309, 0.00293, 0.00331, 0.00123, 0.000132, 0.000467, 0.000468, 0.00018, 0.000128, 0.000304, 5.29e-006, 0.000106, 3.48e-005, 8.48e-005, 2.54e-005, 4.14e-005, 0.000248, 0.000237, 0.000112, 2.22e-006, 7.71e-006, 5.65e-006, 8.24e-006, 2.83e-005, 1.76e-005, 5.16e-005, 5.65e-005, 1.8e-005, 1.63e-005, 1.74e-005, 1.97e-005, 1.24e-005, 1.44e-006, 7.13e-007, 3.79e-006, 1.94e-006, 1.08e-006, 6.5e-007, 2.57e-007, 6.29e-010, 1.24e-006, 5.04e-007, 2.89e-007, 4.42e-007, 7.55e-008, 2e-007, 4.24e-008, 1.09e-007, 2e-007, 1.59e-007, 1.44e-007, 4.25e-008, 1.32e-007, 1.34e-007, 3.24e-008, 1.63e-008, 4.57e-011, 1.02e-008, 3.91e-009, 1.26e-008, 2.35e-008, 4.79e-009, 2.35e-009, 4.61e-009, 1.5e-010, 9.98e-010, 1.48e-009, 5.18e-010, 3.01e-012, 3.18e-010, 2.85e-010, 2.83e-010, 2.52e-010, 1.42e-010, 1.38e-010, 3.44e-011, 1.72e-011, 1.61e-011, 3.26e-011, 3.01e-011, 8.14e-012, 6.09e-012, 4.63e-012, 1.37e-012, 3.86e-013, 7.39e-013, 1.74e-013, 5.1e-014, 1.5e-013, 7.99e-014, 1.11e-013, 5.59e-015, 3.63e-014, 3.08e-014, 3.04e-014, 9.64e-015, 1.43e-014, 1.2e-014, 1.03e-014, 1.03e-014, 1.02e-014, 9.9e-015, 9.78e-015, 9.66e-015, 9.59e-015
13:44:20, 9.86, 3.96, 9.08, 20.7, 30.7, 3.44, 3.71, 1.34, 0.662, 4.78, 5, 0.869, 0.142, 1.48, 3.07, 0.651, 5.89, 4.5, 0.454, 2.68, 5.93, 4.42, 3.86, 1.71, 4.02, 5.72, 1.29, 0.0898, 0.0769, 0.106, 1.1, 0.846, 0.332, 0.514, 0.564, 0.897, 1.98, 1.27, 0.0893, 0.282, 1.59, 1.01, 0.378, 0.953, 4.35, 5.6, 2.08, 0.829, 0.336, 0.556, 0.119, 0.899, 1.07, 0.122, 0.261, 0.909, 1.48, 0.858, 1.02, 1.66, 1.85, 1.56, 0.241, 1.66, 0.839, 0.739, 2.68, 1.83, 0.0109, 1.87, 3.17, 2.51, 2.13, 0.542, 0.0477, 0.194, 0.0169, 0.0631, 0.531, 1.05, 1.45, 1.85, 0.251, 0.0836, 0.4, 0.202, 0.752, 0.288, 1.77, 2.3, 4.06, 2.37, 0.8, 0.671, 0.742, 0.944, 0.544, 0.768, 0.0246, 18.8, 26.1, 2.68, 0.0705, 0.125, 0.316, 0.227, 0.348, 0.678, 0.313, 0.193, 0.317, 0.2, 0.237, 0.125, 0.158, 0.487, 0.156, 0.0957, 0.49, 0.675, 0.399, 0.443, 0.276, 0.0725, 0.0325, 0.0531, 0.0415, 0.00526, 0.00227, 0.0143, 0.0179, 0.0155, 0.0249, 0.0327, 0.0247, 0.00886, 0.000551, 0.000685, 0.00695, 0.00434, 0.00219, 0.00681, 0.0168, 0.019, 0.00865, 0.00263, 0.00171, 0.00145, 0.00768, 0.0228, 0.0124, 0.000401, 0.00102, 0.00193, 0.00146, 0.000259, 0.000973, 0.000729, 0.000249, 0.000208, 0.000402, 6.77e-005, 8.23e-005, 3.13e-006, 2.19e-005, 1.99e-005, 4.33e-005, 0.000162, 0.000355, 0.000172, 6.88e-006, 1.41e-006, 3.04e-006, 1.54e-005, 2.81e-005, 3.45e-005, 5.22e-005, 4.41e-005, 3.74e-005, 2.24e-005, 9.57e-006, 2.31e-005, 1.44e-005, 1.08e-006, 1.03e-006, 3.89e-006, 2.01e-006, 1.61e-006, 7.5e-007, 3.6e-007, 5.96e-007, 1.77e-006, 3.78e-007, 3.45e-007, 5.07e-007, 9.34e-009, 2.17e-007, 2.23e-007, 1.56e-007, 2.43e-007, 8.4e-008, 8.37e-008, 1.18e-007, 1.1e-007, 7.58e-008, 2.66e-008, 2.59e-008, 1.36e-008, 1.44e-008, 2.33e-009, 2.54e-008, 1.12e-008, 4.34e-009, 3.15e-009, 2.83e-009, 1.17e-010, 4.68e-010, 1.94e-009, 1.16e-009, 2.01e-010, 3.61e-010, 3.44e-010, 2.51e-010, 9.94e-011, 1.52e-011, 6.91e-011, 3.15e-012, 2.95e-011, 1.88e-011, 4.75e-011, 3.11e-011, 1.16e-011, 4.77e-012, 8.32e-012, 2.88e-012, 1.17e-014, 8.04e-013, 7.33e-013, 4.86e-014, 3.04e-013, 9.45e-014, 5.31e-014, 1.22e-013, 3.58e-014, 1.31e-013, 6.67e-014, 5.27e-014, 6.57e-014, 5.76e-014, 5.98e-014, 5.74e-014, 5.63e-014, 5.59e-014, 5.55e-014, 5.52e-014, 5.5e-014
13:44:21, 0.0759, 0.494, 7.35, 28.5, 39.8, 13, 2.08, 2.01, 0.0797, 5.57, 2.05, 0.5, 0.0566, 0.422, 1.91, 1.96, 1.89, 3.41, 0.477, 2.2, 3.08, 2.92, 3, 0.314, 1.84, 5.3, 0.827, 0.0159, 0.169, 0.215, 1.62, 2.02, 1.26, 0.437, 0.265, 0.105, 0.674, 0.804, 0.0109, 0.791, 1.69, 0.0995, 1.2, 2.16, 3.9, 5.55, 4, 1.83, 0.914, 0.104, 0.478, 1.54, 1.34, 0.0566, 0.505, 1.99, 2.27, 1.14, 0.279, 0.667, 0.634, 1.41, 0.0962, 1.65, 2.03, 1.58, 2.15, 1.19, 0.306, 1.73, 3.87, 3.2, 1.55, 0.29, 0.241, 0.366, 0.0816, 0.000104, 0.326, 0.611, 1.6, 1.35, 0.351, 0.0436, 0.213, 0.969, 1.42, 1.33, 1.92, 3.23, 4.29, 2.16, 0.268, 0.29, 0.442, 1.31, 1.19, 1.2, 1.45, 17.9, 23.7, 2.72, 0.00344, 0.0691, 0.25, 0.547, 0.389, 0.269, 0.171, 0.0739, 0.362, 0.314, 0.384, 0.172, 0.209, 0.237, 0.0621, 0.113, 0.411, 0.59, 0.531, 0.615, 0.408, 0.167, 0.0887, 0.0883, 0.0716, 0.0201, 0.00178, 0.0298, 0.0284, 0.00297, 0.0324, 0.0402, 0.0236, 0.00734, 0.00454, 0.00698, 0.0133, 0.00263, 0.00264, 0.0105, 0.0121, 0.011, 0.0123, 0.0035, 0.000755, 0.00235, 0.00628, 0.0262, 0.0132, 0.000187, 5.74e-005, 0.000658, 0.0015, 0.00101, 0.00118, 0.000556, 0.000365, 0.000367, 0.000389, 0.000196, 8.42e-005, 3.06e-005, 6.7e-006, 2.05e-005, 7.92e-005, 3.6e-005, 0.000331, 0.000267, 3.76e-005, 4.8e-006, 2.39e-007, 1.93e-005, 2.06e-005, 2.47e-005, 4.16e-005, 1.3e-005, 4.21e-005, 1.87e-005, 1.07e-006, 1.77e-005, 1.47e-005, 2.75e-007, 2.15e-006, 3.46e-006, 6.21e-007, 1.62e-006, 8.76e-007, 6.56e-007, 1.74e-006, 2.63e-006, 5.98e-007, 4.15e-007, 5.33e-007, 1.48e-007, 2.19e-007, 2.57e-007, 3.44e-007, 4.68e-007, 1.85e-007, 5.39e-008, 1.15e-007, 6.21e-008, 3.23e-008, 2.22e-009, 3.97e-008, 4.7e-008, 2.96e-008, 1.6e-008, 2.91e-008, 3.56e-009, 4.21e-009, 4.97e-009, 1.16e-009, 5.93e-010, 4.9e-011, 1.97e-009, 1.88e-009, 4.91e-010, 2.56e-010, 2.1e-010, 1.21e-010, 2.14e-011, 3.73e-011, 9.04e-011, 1.86e-011, 1.34e-011, 2.33e-011, 2.96e-011, 2.67e-011, 1.03e-011, 8.64e-012, 3.41e-012, 7.46e-012, 4.01e-013, 1.22e-012, 2.61e-013, 8.24e-013, 1.14e-013, 2.11e-013, 2.55e-013, 1.91e-013, 1.52e-013, 1.73e-013, 2.13e-013, 1.59e-013, 1.52e-013, 1.57e-013, 1.52e-013, 1.53e-013, 1.5e-013, 1.48e-013, 1.47e-013, 1.46e-013, 1.46e-013
13:44:21, 0.12, 0.967, 5.72, 18.9, 37.7, 24.6, 1.86, 3.36, 3.65, 7.79, 1.31, 0.928, 0.24, 0.469, 1.03, 1.47, 0.377, 1.82, 0.73, 2.61, 1.73, 1.64, 1.48, 0.0949, 1.4, 4.49, 0.323, 0.123, 0.653, 1.3, 1.12, 2.55, 3.21, 0.263, 0.201, 0.0458, 0.118, 0.374, 0.346, 1.58, 1.83, 0.213, 1.84, 3.5, 1.17, 4.23, 3.36, 2.36, 1.56, 0.0986, 1.08, 2.13, 1.5, 0.0826, 1.06, 2.74, 1.75, 1, 0.0783, 0.362, 0.28, 0.59, 0.665, 1.76, 2.56, 1.84, 0.748, 0.89, 0.166, 1.84, 2.41, 2.3, 0.674, 0.109, 0.368, 0.797, 0.171, 0.00798, 0.299, 0.0414, 1.35, 0.44, 0.595, 0.129, 0.322, 1.33, 2.08, 1.82, 1.26, 2.15, 3.02, 1.18, 0.034, 0.158, 0.196, 0.902, 1.51, 1.61, 1.77, 15.9, 20.1, 1.18, 0.205, 0.308, 0.564, 0.65, 0.275, 0.0276, 0.114, 0.0831, 0.281, 0.191, 0.397, 0.279, 0.168, 0.191, 0.0244, 0.015, 0.372, 0.24, 0.368, 0.498, 0.345, 0.189, 0.117, 0.0681, 0.0889, 0.0372, 0.0124, 0.0457, 0.0364, 0.00259, 0.0291, 0.0238, 0.0167, 0.00156, 0.0107, 0.0224, 0.0187, 0.00228, 0.00274, 0.0105, 0.00375, 0.00238, 0.0117, 0.00406, 0.000541, 0.00184, 0.0022, 0.0232, 0.0164, 0.000788, 3.7e-005, 0.000374, 0.000721, 0.00161, 0.001, 0.000159, 0.000316, 0.000322, 0.000283, 0.000176, 9.94e-005, 3.08e-005, 1.51e-005, 3.81e-005, 9.62e-005, 1.08e-005, 0.000237, 0.000273, 9.75e-005, 2.32e-005, 5.9e-006, 2.92e-005, 1.06e-005, 1.33e-005, 2.59e-005, 8.17e-007, 3.2e-005, 9.52e-006, 3.3e-007, 1.21e-005, 1.29e-005, 6.77e-007, 2.57e-006, 3.04e-006, 2.43e-008, 9.93e-007, 6.71e-007, 4.72e-007, 2.49e-006, 3.16e-006, 8.17e-007, 4.33e-007, 4.68e-007, 2.02e-007, 1.56e-007, 1.3e-007, 3.6e-007, 7.27e-007, 2.67e-007, 1.06e-008, 7.48e-008, 1.88e-008, 7.76e-009, 1.17e-008, 5.17e-008, 7.13e-008, 3.53e-008, 3.47e-008, 2.59e-008, 3.02e-009, 3e-009, 5.76e-009, 6.43e-011, 1.21e-009, 2.1e-010, 1.87e-009, 2.06e-009, 3.99e-010, 1.47e-010, 1.69e-011, 9.77e-011, 8.62e-012, 6.64e-011, 1.34e-010, 6.01e-011, 8.58e-014, 1.62e-011, 8.44e-012, 8.58e-012, 1.25e-011, 3.12e-012, 1.47e-012, 8.7e-012, 2.15e-012, 4.92e-013, 2.64e-013, 7.02e-013, 8.05e-014, 1.08e-013, 8.44e-014, 6.93e-014, 9.36e-014, 5.73e-014, 1.08e-013, 6.01e-014, 6.15e-014, 6.32e-014, 5.92e-014, 5.63e-014, 5.53e-014, 5.34e-014, 5.25e-014, 5.17e-014, 5.12e-014
13:44:21, 0.138, 2.12, 1.93, 8.29, 19.3, 29.6, 8.4, 6.89, 8.18, 9.66, 3.75, 1.55, 1.02, 0.698, 0.551, 1.73, 0.469, 0.321, 1.93, 2.73, 2.96, 3.02, 1.07, 0.127, 1.19, 4.32, 0.912, 0.594, 1.86, 3.82, 0.619, 3.24, 5.63, 0.994, 0.233, 0.104, 0.000857, 0.141, 0.555, 2.39, 2.06, 0.535, 1.9, 3.55, 0.0929, 2.86, 1.34, 1.56, 2.32, 0.822, 1.18, 1.86, 1.13, 0.502, 1.7, 2.52, 0.528, 0.692, 0.74, 0.737, 0.418, 0.083, 0.863, 1.56, 1.62, 1.2, 0.0448, 0.596, 0.0481, 2, 0.552, 1.32, 0.167, 0.236, 0.644, 1.74, 0.378, 0.0208, 0.499, 0.29, 1.39, 0.151, 0.832, 0.514, 0.302, 1.09, 1.96, 1.05, 0.451, 0.792, 1.47, 0.278, 0.425, 0.3, 0.397, 0.232, 0.893, 1.7, 0.424, 12.9, 18.4, 0.345, 0.511, 0.402, 0.969, 0.422, 0.102, 0.047, 0.16, 0.137, 0.161, 0.0126, 0.319, 0.275, 0.0338, 0.244, 0.212, 0.131, 0.44, 0.0344, 0.167, 0.191, 0.177, 0.0858, 0.11, 0.0094, 0.0986, 0.0398, 0.0135, 0.065, 0.0351, 0.0107, 0.0223, 0.00407, 0.00891, 0.00125, 0.0143, 0.0424, 0.0195, 0.00116, 0.00522, 0.00857, 9.27e-005, 0.000387, 0.0107, 0.00681, 0.00119, 0.000365, 0.000282, 0.0191, 0.0186, 0.00138, 4.3e-006, 0.000477, 9.69e-005, 0.00142, 0.00102, 8.8e-005, 0.000106, 0.000203, 0.000128, 9.27e-005, 8.32e-005, 1.41e-005, 2.77e-005, 3.62e-005, 0.000115, 0.000106, 0.000113, 0.000169, 0.000139, 3.66e-005, 2.16e-005, 3.95e-005, 1.41e-005, 9.04e-006, 1.66e-005, 1.08e-005, 1.76e-005, 7.51e-006, 1.07e-006, 1.18e-005, 8.18e-006, 1.87e-006, 1.86e-006, 2.92e-006, 7.83e-007, 2.85e-007, 3.59e-007, 7.49e-008, 2.45e-006, 2.91e-006, 4.97e-007, 3.4e-007, 2.89e-007, 1.04e-007, 4.37e-008, 5.77e-008, 1.94e-007, 8.93e-007, 2.86e-007, 9.61e-009, 3.24e-008, 1.05e-008, 3.24e-009, 2.59e-008, 7.49e-008, 5.43e-008, 2.35e-008, 3.41e-008, 2.03e-008, 2.55e-009, 3.59e-009, 4.42e-009, 1.51e-009, 2.66e-009, 1.28e-009, 8.49e-010, 2.05e-009, 1.21e-010, 1.95e-010, 5.17e-011, 1.06e-010, 2.5e-011, 3.97e-011, 1.65e-010, 9.23e-011, 1.41e-011, 4.08e-012, 7.18e-013, 1.32e-012, 4.98e-012, 3.78e-012, 3.4e-012, 4.41e-012, 4.84e-012, 5.88e-014, 2.97e-013, 8.43e-013, 1.07e-013, 2.72e-013, 1.5e-013, 1.39e-013, 1.31e-013, 1.7e-013, 1.7e-013, 1.24e-013, 1.53e-013, 1.4e-013, 1.38e-013, 1.38e-013, 1.38e-013, 1.36e-013, 1.35e-013, 1.35e-013, 1.35e-013
13:44:21, 0.134, 1.8, 0.0206, 2.37, 4.85, 21.3, 18.9, 9.65, 5.94, 9.53, 6.13, 2.31, 0.879, 1.06, 2.2, 5.37, 2.08, 1.1, 2.21, 1.69, 3.78, 5.51, 2.46, 0.54, 0.963, 5.38, 1.34, 0.766, 3.82, 6.19, 2.23, 4.81, 7.45, 1.91, 0.197, 0.0572, 0.0458, 0.156, 0.275, 3.2, 1.85, 0.283, 1.46, 2.42, 1.31, 2.17, 0.362, 0.557, 2.41, 1.79, 0.426, 1.3, 0.398, 0.777, 2.03, 1.45, 0.083, 0.314, 1.37, 1.3, 0.508, 0.0413, 0.457, 0.968, 0.288, 0.832, 0.0712, 0.194, 0.735, 2.01, 0.427, 0.922, 0.665, 0.579, 1.45, 2.28, 1.11, 0.407, 0.87, 0.944, 1.49, 0.932, 1.07, 0.894, 0.147, 0.782, 1.24, 0.181, 0.194, 0.416, 0.719, 0.0125, 0.645, 0.756, 0.613, 0.00372, 0.48, 0.533, 0.66, 13.3, 19.4, 1.18, 0.195, 0.523, 0.827, 0.331, 0.0432, 0.253, 0.286, 0.0343, 0.111, 0.0251, 0.207, 0.182, 0.00625, 0.252, 0.522, 0.54, 0.528, 0.13, 0.0614, 0.0239, 0.0403, 0.00626, 0.0772, 0.0171, 0.102, 0.0453, 0.0117, 0.0822, 0.0238, 0.0108, 0.0147, 0.00154, 0.00539, 0.00216, 0.0161, 0.0558, 0.0187, 0.00012, 0.00658, 0.00816, 0.00269, 0.00417, 0.0126, 0.00956, 0.0014, 2.52e-005, 0.00128, 0.0173, 0.0162, 0.00171, 0.000111, 0.000622, 0.00017, 0.00118, 0.00129, 0.000336, 8.53e-005, 0.00014, 9.69e-005, 6.26e-005, 8.13e-005, 1.6e-005, 4.51e-005, 1.12e-005, 0.000142, 0.000175, 2.45e-005, 8.19e-005, 9.78e-005, 3.84e-005, 2.13e-005, 4.2e-005, 2.58e-005, 2.04e-006, 1.5e-005, 1.18e-005, 8.81e-006, 7.51e-006, 2.81e-006, 1.34e-005, 2.62e-006, 1.99e-006, 5.44e-007, 3.03e-006, 1.38e-006, 1.22e-008, 1.16e-007, 1.99e-007, 1.86e-006, 1.77e-006, 2.87e-007, 2.09e-007, 2.07e-007, 5.31e-008, 1.82e-008, 6.48e-008, 2.33e-007, 7.88e-007, 2.74e-007, 3.45e-008, 1.32e-008, 8.21e-009, 5.95e-009, 1.96e-008, 1.01e-007, 2.1e-008, 9.9e-009, 1.32e-008, 1.92e-008, 7.39e-012, 4.75e-009, 1.24e-009, 5.15e-009, 6.31e-009, 2.33e-009, 2.62e-010, 1.79e-009, 4.56e-010, 2.7e-010, 1.7e-010, 1.14e-010, 4.77e-011, 1.26e-011, 1.68e-010, 9.81e-011, 1.97e-011, 3.48e-012, 1.43e-012, 1.14e-012, 3.85e-013, 4.38e-012, 5.08e-012, 2.54e-012, 2.69e-012, 6.99e-013, 1.15e-012, 2.08e-013, 4.39e-014, 1.89e-014, 4.71e-014, 2.63e-014, 1.11e-014, 1.42e-014, 1.88e-014, 1.75e-014, 1.11e-014, 1.35e-014, 1.15e-014, 1.22e-014, 1.21e-014, 1.16e-014, 1.16e-014, 1.15e-014, 1.14e-014
13:44:21, 1.75, 1.98, 0.659, 0.602, 1.3, 8.95, 20.2, 8.78, 1.09, 7.2, 4.46, 2.59, 0.229, 1.55, 5.2, 10.6, 7.99, 5.26, 1.13, 1.12, 1.75, 6.78, 4.88, 1.63, 3.18, 7.08, 0.79, 1.08, 4.23, 6.56, 4.33, 4.78, 7.41, 2.47, 0.0292, 0.0488, 0.12, 0.439, 0.657, 3.72, 1.16, 0.0223, 0.673, 1.37, 1.62, 1.94, 0.403, 0.302, 1.54, 1.95, 0.104, 1.2, 0.135, 0.679, 1.35, 0.744, 0.067, 0.17, 1.34, 1.51, 0.322, 0.335, 0.0835, 0.608, 0.124, 0.957, 0.199, 0.119, 1.27, 1.91, 1.04, 0.71, 1.32, 1.37, 1.37, 2.09, 1.63, 0.967, 1.27, 0.826, 1.2, 1.88, 1, 0.685, 0.229, 0.794, 0.931, 0.0812, 0.126, 0.501, 0.512, 0.113, 0.539, 1.08, 0.594, 0.234, 0.159, 0.0522, 1.79, 17, 21.7, 2.11, 0.0189, 0.196, 0.557, 0.274, 0.115, 0.402, 0.444, 0.0426, 0.13, 0.0458, 0.143, 0.173, 0.0111, 0.239, 0.693, 0.743, 0.55, 0.18, 0.0268, 0.0055, 0.00574, 0.00542, 0.0741, 0.101, 0.0702, 0.0539, 0.0366, 0.0897, 0.0145, 0.00731, 0.00565, 0.00733, 0.00702, 0.000209, 0.021, 0.0519, 0.0181, 0.00152, 0.00366, 0.00779, 0.00639, 0.00702, 0.013, 0.00862, 0.00115, 0.000192, 0.00247, 0.015, 0.0117, 0.000804, 0.000535, 0.000734, 0.000542, 0.000898, 0.00131, 0.000586, 0.000101, 0.000159, 0.000151, 6.65e-005, 7.42e-005, 6.85e-005, 6.85e-005, 3.5e-005, 0.000129, 0.000126, 3.99e-005, 6.05e-005, 2.56e-005, 2.43e-005, 7.68e-006, 3.14e-005, 2.92e-005, 1.71e-006, 1.7e-005, 3.32e-006, 3.28e-006, 5.21e-006, 7.68e-006, 1.37e-005, 1.09e-006, 2.15e-006, 2.95e-007, 2.21e-006, 1.77e-006, 9.64e-008, 2.5e-010, 6.05e-007, 1.16e-006, 6.45e-007, 2.94e-007, 1.98e-007, 3.29e-007, 1.55e-007, 1.61e-007, 1.3e-007, 2.73e-007, 5.85e-007, 1.94e-007, 4.06e-008, 2.05e-008, 1.37e-008, 1.08e-008, 2.52e-008, 1.07e-007, 2.03e-008, 5.36e-009, 2.91e-009, 1.79e-008, 3.35e-009, 4.87e-009, 1.08e-010, 8.09e-009, 1.13e-008, 2.99e-009, 6.56e-010, 1.32e-009, 8.35e-010, 3.96e-010, 1.65e-010, 6.96e-011, 9.83e-011, 5.68e-011, 1.03e-010, 7.43e-011, 1.59e-011, 2.77e-012, 8.55e-012, 3.6e-012, 7.27e-014, 7.41e-012, 4.84e-012, 1.24e-012, 1.11e-012, 4.2e-013, 2.21e-012, 1.25e-013, 7.54e-014, 4.26e-013, 7.11e-014, 2.08e-013, 1.19e-013, 1.55e-013, 1.57e-013, 1.6e-013, 1.29e-013, 1.43e-013, 1.45e-013, 1.38e-013, 1.39e-013, 1.38e-013, 1.38e-013, 1.37e-013, 1.37e-013
13:44:21, 0.755, 1.73, 0.0948, 1.16, 2.71, 1.58, 14.8, 3.86, 0.127, 4.87, 1.56, 1.8, 1.41, 3.38, 4.77, 12.4, 17.1, 9.18, 2.05, 1.67, 0.0716, 7.01, 5.13, 2.04, 6.13, 9.52, 1.01, 1.35, 2.14, 5.28, 3.14, 2.98, 4.3, 3.82, 0.355, 0.439, 0.461, 0.668, 1.88, 3.78, 0.753, 0.00308, 0.389, 0.521, 0.646, 1.67, 0.42, 0.212, 0.771, 0.949, 1.14, 1.69, 0.666, 0.34, 0.46, 0.561, 0.0188, 0.132, 0.894, 1.63, 0.00453, 0.952, 0.427, 0.919, 0.847, 0.915, 0.451, 0.373, 1.18, 1.09, 1.36, 0.166, 1.67, 2.06, 0.364, 1.46, 1.28, 0.988, 1.2, 0.334, 0.554, 2.33, 0.489, 0.417, 0.468, 0.582, 1.29, 0.578, 0.0529, 0.623, 0.539, 0.0228, 0.601, 0.583, 0.593, 0.256, 0.14, 0.145, 1.46, 18.8, 23.9, 1.95, 0.0191, 0.0949, 0.167, 0.225, 0.0933, 0.452, 0.489, 0.152, 0.211, 0.0498, 0.173, 0.221, 0.00549, 0.292, 0.493, 0.534, 0.373, 0.132, 0.00659, 0.0275, 0.0297, 0.0328, 0.149, 0.147, 0.0199, 0.0557, 0.0614, 0.067, 0.0302, 0.0102, 3.69e-005, 0.0127, 0.00646, 0.00187, 0.0251, 0.0354, 0.0128, 0.00459, 0.000507, 0.00516, 0.00668, 0.00578, 0.00786, 0.00665, 0.000274, 0.000534, 0.0026, 0.0098, 0.00765, 0.000181, 0.000928, 0.000617, 0.000449, 0.000499, 0.00079, 0.000802, 9.95e-006, 0.000204, 0.000146, 3.59e-005, 5.26e-005, 9.94e-005, 8.31e-005, 0.000106, 8.14e-005, 4.39e-005, 0.000134, 5.51e-005, 1.02e-006, 8.1e-006, 1.09e-006, 1.57e-005, 1.95e-005, 1.65e-005, 2.07e-005, 1.49e-006, 3.14e-007, 3.76e-006, 4.91e-006, 1.43e-005, 8.13e-006, 4.25e-006, 1.43e-006, 5.05e-007, 2.73e-006, 6.96e-007, 2.3e-007, 9.96e-007, 4.48e-007, 1.4e-007, 1.91e-007, 1.69e-007, 4.8e-007, 3.49e-007, 2.01e-007, 2.43e-007, 1.01e-007, 4.23e-007, 1.83e-007, 5.03e-008, 5.47e-008, 2.26e-008, 1.68e-008, 4.6e-008, 9.5e-008, 3.9e-008, 7.11e-009, 8.62e-009, 1.43e-008, 8.39e-009, 4.01e-009, 2.46e-009, 9.22e-009, 1.2e-008, 3.79e-009, 8.76e-010, 6.17e-010, 7.76e-010, 3e-010, 1.69e-010, 4.71e-011, 1.45e-010, 1.12e-010, 3.84e-011, 2.03e-011, 2.81e-011, 1.31e-011, 7.98e-012, 1.25e-011, 3.98e-012, 6.99e-012, 4.75e-012, 8.88e-013, 1.86e-012, 1.35e-012, 5.06e-014, 2.72e-012, 3.3e-013, 8.52e-013, 3.51e-013, 7.03e-013, 5.88e-013, 5.5e-013, 4.95e-013, 5.22e-013, 4.71e-013, 4.86e-013, 4.79e-013, 4.58e-013, 4.56e-013, 4.48e-013, 4.44e-013, 4.4e-013, 4.38e-013
13:44:21, 0.000548, 2.02, 1.14, 4.09, 5.2, 3.27, 11, 0.384, 2.32, 2.9, 0.958, 1.18, 4.03, 6.41, 1.89, 10.7, 25.2, 5.97, 4.55, 5, 2.78, 4.37, 4.1, 0.549, 7.88, 11, 2.7, 0.896, 0.36, 3.25, 0.873, 1.83, 0.583, 6.61, 2.82, 1.7, 0.797, 0.327, 3.17, 3.33, 0.458, 0.0479, 0.563, 0.108, 0.16, 1.04, 0.467, 0.23, 0.261, 0.202, 2.23, 2.59, 0.862, 0.15, 0.104, 0.701, 0.165, 0.0314, 0.589, 1.81, 0.567, 1.65, 1.48, 1.45, 1.04, 0.681, 0.496, 0.822, 0.734, 0.262, 1.1, 0.136, 2.16, 1.7, 0.0111, 0.721, 0.779, 0.581, 0.782, 0.105, 0.357, 2.01, 0.546, 0.454, 0.342, 0.282, 1.31, 1.56, 0.557, 0.627, 0.457, 0.112, 0.683, 0.0619, 0.421, 0.129, 0.0495, 0.431, 0.285, 17.7, 24.8, 1.71, 0.026, 0.0325, 0.0165, 0.155, 0.00515, 0.411, 0.437, 0.0986, 0.297, 0.219, 0.265, 0.184, 0.0717, 0.324, 0.151, 0.244, 0.107, 0.0942, 0.00745, 0.0751, 0.0824, 0.0803, 0.191, 0.161, 0.00168, 0.045, 0.037, 0.0355, 0.0393, 0.0203, 0.00689, 0.015, 0.00296, 0.00486, 0.032, 0.0177, 0.00476, 0.00573, 0.000419, 0.00248, 0.00289, 0.0026, 0.00255, 0.00525, 5.06e-005, 0.000469, 0.00159, 0.00444, 0.00448, 0.000644, 0.001, 0.000397, 0.000236, 0.000158, 0.000343, 0.00101, 0.000101, 0.000222, 6.09e-005, 1.26e-005, 3.07e-005, 6.92e-005, 6.44e-005, 0.000123, 6.08e-005, 3.08e-005, 0.000208, 6.32e-005, 3.04e-006, 2.46e-006, 5.72e-006, 4.79e-006, 6.81e-006, 2.68e-005, 2.46e-005, 7.59e-006, 1.25e-006, 4.24e-006, 1.65e-007, 1.34e-005, 1.59e-005, 8.74e-006, 2.41e-006, 5.03e-007, 3.1e-006, 1.78e-006, 9.04e-007, 1.03e-006, 1.71e-007, 1.58e-008, 8.59e-008, 5.59e-008, 5.89e-007, 3.79e-007, 9.96e-008, 2.73e-007, 2.72e-008, 3.51e-007, 3.04e-007, 1.09e-007, 8.07e-008, 1.56e-008, 1.9e-008, 5.23e-008, 6.97e-008, 3.2e-008, 1.29e-008, 1.08e-008, 9.62e-009, 6.15e-009, 3.1e-009, 3.85e-009, 6.91e-009, 9.03e-009, 2.54e-009, 6.66e-010, 1.18e-010, 4e-010, 8.27e-011, 2.03e-010, 1.56e-010, 2.33e-010, 4.21e-011, 2.52e-011, 4.41e-012, 3.44e-011, 1.71e-011, 1.7e-011, 6.58e-012, 6.15e-012, 7.02e-012, 2.47e-012, 1.78e-013, 1.06e-013, 2.51e-014, 6.31e-013, 7.76e-013, 3.49e-013, 5.04e-015, 1.84e-014, 5.31e-014, 1.7e-014, 1.06e-015, 1.25e-014, 4.3e-015, 7.88e-015, 5.47e-015, 6.12e-015, 5.09e-015, 4.99e-015, 5.01e-015, 4.8e-015, 4.7e-015, 4.65e-015
13:44:21, 0.305, 3.06, 5.86, 11.1, 7.62, 5.74, 12, 2.48, 5.04, 0.575, 1.86, 1.26, 4.39, 8.99, 1.5, 9.27, 28.5, 3, 7.43, 12.3, 7.05, 0.743, 3.31, 0.284, 7.01, 10.1, 2.94, 0.499, 0.0453, 1.27, 2.25, 2.74, 2.18, 9.72, 5.71, 2.47, 1.22, 0.0493, 3.79, 3.35, 0.0145, 0.714, 0.762, 0.0971, 0.104, 0.451, 0.585, 0.267, 0.0413, 0.142, 2.42, 2.89, 0.599, 0.0588, 0.318, 0.978, 0.6, 0.219, 0.234, 1.84, 2.44, 1.59, 1.85, 1.96, 0.309, 0.494, 0.202, 1.06, 0.392, 0.0775, 0.516, 0.999, 2.59, 1.25, 0.0423, 0.434, 0.899, 0.892, 0.958, 0.188, 1.09, 1.03, 0.925, 0.908, 0.169, 0.134, 0.735, 2.49, 1.63, 0.33, 0.304, 0.539, 0.691, 0.13, 0.363, 8.73e-006, 0.0341, 0.637, 0.347, 19, 24.1, 1.49, 0.00293, 0.055, 0.0249, 0.122, 0.0651, 0.218, 0.368, 0.000553, 0.388, 0.391, 0.26, 0.119, 0.0843, 0.31, 0.0607, 0.132, 0.0105, 0.0432, 0.0489, 0.132, 0.147, 0.0639, 0.156, 0.163, 0.0381, 0.0223, 0.00796, 0.00868, 0.0291, 0.0292, 0.012, 0.0152, 0.00415, 0.00819, 0.0335, 0.0102, 0.00142, 0.00593, 0.00222, 0.000276, 0.000461, 0.00113, 0.00171, 0.00555, 0.000535, 8.19e-005, 0.00078, 0.00199, 0.00334, 0.000443, 0.00204, 0.000392, 8.38e-005, 9.47e-005, 0.000382, 0.00112, 0.000458, 0.000147, 1.29e-005, 5.07e-006, 2.62e-005, 4.93e-005, 2.77e-005, 8.63e-005, 3.72e-005, 9.61e-005, 0.000234, 8.24e-005, 2.33e-006, 1.45e-006, 3.93e-006, 2.3e-006, 3.18e-006, 1.79e-005, 2.32e-005, 1.14e-005, 6.73e-006, 7.12e-006, 2.26e-006, 8.15e-006, 1.66e-005, 1.05e-005, 3.13e-006, 1.66e-006, 2.68e-006, 1.88e-006, 1.47e-006, 6.24e-007, 2.15e-007, 2.76e-009, 8.55e-008, 2.05e-007, 4.17e-007, 2.81e-007, 1.22e-009, 2.29e-007, 2.05e-007, 3.48e-007, 2.99e-007, 1.83e-007, 6.73e-008, 4.9e-009, 9.62e-009, 3.46e-008, 3.41e-008, 1.29e-008, 1.14e-008, 7.34e-009, 3.6e-009, 2.41e-009, 1.09e-009, 2.88e-009, 2.24e-009, 6.06e-009, 4.5e-010, 5.11e-010, 4.65e-011, 1.62e-010, 9.9e-012, 2.16e-010, 3.5e-010, 2.47e-010, 3.72e-012, 2.88e-011, 1.47e-011, 3.63e-011, 3.67e-011, 5.79e-012, 4.43e-012, 3.57e-012, 6.48e-012, 2.72e-012, 8.92e-014, 5.63e-013, 4.95e-013, 6.28e-013, 1.66e-013, 7.81e-013, 3.68e-014, 2.85e-013, 1.53e-013, 1.04e-013, 2.02e-013, 1.11e-013, 1.27e-013, 1.4e-013, 1.26e-013, 1.28e-013, 1.29e-013, 1.28e-013, 1.27e-013, 1.27e-013, 1.26e-013, 1.26e-013
13:44:22, 0.378, 3.19, 11.4, 17.6, 8.99, 2.8, 13, 12.2, 8.46, 0.642, 3.69, 0.669, 4.3, 9.16, 2.43, 7.96, 28, 8.94, 9.8, 17.2, 9.83, 0.581, 3.59, 1.87, 3.88, 7.71, 1.01, 0.544, 0.117, 0.64, 4.75, 6.4, 7.75, 10.2, 5.95, 1.59, 1.52, 0.896, 3.05, 3.67, 1.02, 2.16, 0.948, 0.0294, 0.0416, 0.197, 0.344, 0.226, 0.00782, 0.451, 2.48, 1.48, 0.754, 0.177, 0.852, 0.963, 0.714, 0.652, 0.0258, 2.05, 4.16, 0.927, 1.33, 2.39, 0.0591, 0.551, 0.211, 0.688, 0.368, 0.153, 0.13, 1.49, 2.67, 0.923, 0.0248, 0.342, 1.42, 1.74, 1.55, 1.02, 1.85, 0.226, 0.891, 1.31, 0.41, 0.0791, 0.379, 2.59, 2.38, 0.233, 0.277, 0.602, 0.576, 0.584, 0.509, 0.157, 0.126, 0.661, 2.5, 22.8, 22.5, 1.02, 0.0304, 0.0144, 0.124, 0.157, 0.099, 0.073, 0.233, 0.14, 0.467, 0.318, 0.147, 0.0784, 0.0422, 0.217, 0.196, 0.146, 0.0448, 0.0182, 0.041, 0.202, 0.169, 0.00985, 0.0822, 0.137, 0.0643, 0.00855, 0.00113, 0.00276, 0.0203, 0.0292, 0.00553, 0.0143, 0.00708, 0.0107, 0.0268, 0.0103, 0.00138, 0.00529, 0.00398, 0.00022, 0.000378, 0.00129, 0.00575, 0.006, 0.000774, 0.000263, 0.00127, 0.00383, 0.00485, 0.00133, 0.00291, 0.000839, 5.35e-005, 0.000108, 0.000583, 0.000955, 0.000634, 9.48e-005, 4.96e-007, 4.32e-007, 4.07e-005, 6.63e-005, 6.1e-005, 4.57e-005, 1.36e-005, 0.00013, 0.00022, 7.64e-005, 2.53e-006, 1.64e-006, 4.83e-007, 4.03e-006, 4.27e-006, 5.8e-006, 1.54e-005, 6.45e-006, 1.34e-005, 1.26e-005, 4.78e-006, 2.82e-006, 1.1e-005, 6.42e-006, 3.1e-006, 1.88e-006, 2e-006, 5.87e-007, 1.77e-006, 1.07e-007, 3.91e-007, 1.11e-007, 2.9e-007, 3.8e-007, 1.56e-007, 1.26e-007, 5.62e-008, 1.93e-007, 2.95e-007, 3.18e-007, 1.25e-007, 1.74e-007, 6.17e-008, 1.52e-009, 1.06e-009, 1.5e-008, 9.36e-009, 2.34e-009, 3.91e-009, 5.12e-009, 1.71e-009, 9.8e-010, 1.43e-010, 1.39e-009, 9.72e-011, 5.3e-009, 5.77e-010, 4.66e-010, 6.47e-011, 8.73e-011, 1.06e-010, 1.42e-010, 3.67e-010, 2.32e-010, 6.1e-011, 2.15e-011, 1.95e-011, 2.91e-011, 3.93e-011, 2.1e-012, 5.51e-012, 1.31e-012, 2.39e-012, 8.68e-012, 3.01e-012, 2.26e-013, 1.52e-012, 1.24e-012, 1.27e-012, 3.8e-013, 1.62e-012, 4.86e-013, 1.3e-012, 6.24e-013, 1.05e-012, 7.82e-013, 8.27e-013, 7.98e-013, 8.3e-013, 8.13e-013, 7.97e-013, 7.99e-013, 7.95e-013, 7.93e-013, 7.91e-013, 7.9e-013
13:44:22, 0.204, 2.45, 12.5, 17.1, 7.51, 0.419, 11.1, 17.7, 14.1, 4.5, 3.77, 1.94, 6.37, 7.01, 1.8, 4.19, 25.6, 17.4, 7.45, 15.2, 8.65, 3.32, 5.75, 1.68, 2.36, 4.36, 0.458, 0.59, 0.248, 0.787, 5.2, 10.1, 9.37, 6.79, 3.78, 0.227, 1.55, 2.08, 1.33, 2.96, 3.59, 3.6, 1, 0.00209, 0.0054, 0.0536, 0.127, 0.0746, 0.109, 1.05, 2.37, 0.188, 0.77, 0.604, 1.2, 0.524, 0.445, 0.836, 0.496, 2.55, 3.99, 0.857, 1.2, 2.58, 0.916, 0.832, 0.638, 0.251, 0.252, 0.173, 0.064, 1.24, 1.75, 0.837, 0.00395, 0.371, 1.9, 1.46, 1.61, 2.12, 2.02, 0.255, 0.772, 0.919, 0.805, 0.14, 0.282, 1.98, 2.1, 0.492, 0.326, 0.285, 0.281, 0.765, 0.8, 0.223, 0.36, 0.885, 2.81, 24.3, 22.7, 0.398, 0.181, 0.147, 0.238, 0.0978, 0.0744, 0.00965, 0.138, 0.221, 0.492, 0.201, 0.0721, 0.0774, 0.0352, 0.102, 0.243, 0.182, 0.0526, 0.0135, 0.0161, 0.229, 0.163, 0.00385, 0.0217, 0.0791, 0.0477, 0.00469, 0.0034, 0.0102, 0.0279, 0.019, 0.000136, 0.0106, 0.00747, 0.00779, 0.0178, 0.00847, 0.000352, 0.00513, 0.00546, 0.000644, 0.000652, 0.00324, 0.00996, 0.00539, 0.000541, 0.000397, 0.0026, 0.00835, 0.00776, 0.00331, 0.00246, 0.00108, 0.000202, 0.000275, 0.000365, 0.00062, 0.000423, 9.25e-005, 3.6e-006, 2.73e-006, 3.81e-005, 0.000105, 0.000134, 4.22e-005, 9.22e-006, 8.27e-005, 0.000173, 4.05e-005, 7.71e-006, 2e-006, 6.26e-007, 6.11e-006, 4.9e-006, 2.41e-006, 8.28e-006, 5.89e-007, 1.34e-005, 1.72e-005, 4.11e-006, 1e-006, 5.08e-006, 1.57e-006, 2.1e-006, 4.18e-007, 1.93e-006, 1.89e-007, 1.91e-006, 2.11e-007, 4.75e-007, 5.41e-007, 7.17e-007, 3.15e-007, 2.65e-008, 3.1e-008, 9.74e-008, 1.84e-007, 1.26e-007, 2.5e-007, 7.14e-009, 1.1e-007, 6.6e-008, 1.25e-008, 1.63e-008, 7.61e-009, 4.09e-009, 1.88e-009, 4.84e-010, 6.98e-009, 6.17e-009, 4.1e-009, 6.37e-010, 1.58e-009, 2.21e-009, 5.37e-009, 2.45e-009, 5.82e-010, 1.02e-011, 1.26e-010, 1.14e-010, 9.99e-011, 1.97e-010, 1.56e-010, 1.47e-010, 4.26e-011, 4.07e-012, 2.27e-011, 1.99e-011, 6.49e-012, 8.24e-012, 2.19e-012, 9.97e-013, 3.93e-012, 6.4e-012, 1.17e-012, 1.99e-013, 8.3e-014, 5.43e-013, 2.55e-013, 4.31e-014, 2.46e-013, 6.32e-014, 4.56e-014, 1.72e-013, 7.44e-014, 8.58e-014, 9.02e-014, 7.7e-014, 8.1e-014, 8.27e-014, 7.95e-014, 7.85e-014, 7.83e-014, 7.78e-014, 7.75e-014
13:44:22, 0.155, 2.94, 9.61, 8.3, 6.02, 2.09, 6.93, 11.2, 16.9, 10.8, 0.539, 6.7, 13, 2.14, 0.934, 2.39, 18.5, 20, 1.14, 11.5, 4.64, 3.95, 9.1, 2.03, 1.93, 2.03, 0.674, 0.765, 0.83, 0.44, 4.35, 8.92, 5.77, 2.08, 1.84, 0.127, 1.05, 2.43, 0.0514, 1.77, 4.04, 5.01, 0.829, 0.0211, 0.0149, 0.0405, 0.0835, 0.0296, 0.214, 1.91, 2.53, 0.15, 0.441, 0.708, 1.34, 0.104, 0.189, 0.504, 1.43, 2.34, 2.28, 1.45, 1.27, 2.23, 1.65, 0.881, 0.855, 0.159, 0.241, 0.0457, 0.17, 1.13, 0.312, 1.31, 0.26, 1.07, 1.66, 0.431, 1.06, 1.85, 1.81, 0.575, 0.802, 0.172, 1.08, 0.671, 0.00665, 1.69, 0.968, 0.67, 0.296, 0.0614, 0.0261, 0.577, 0.992, 0.146, 0.388, 1.51, 0.613, 22.7, 24.3, 1.4, 0.548, 0.411, 0.399, 0.00072, 0.1, 0.0341, 0.0482, 0.131, 0.34, 0.326, 0.14, 0.0716, 0.0338, 0.0186, 0.177, 0.166, 0.0201, 0.0145, 0.0267, 0.149, 0.229, 0.0326, 0.0309, 0.0225, 0.0329, 0.00683, 0.00889, 0.0207, 0.0254, 0.0129, 0.0029, 0.00452, 0.00518, 0.00278, 0.00997, 0.00353, 0.000876, 0.00489, 0.00706, 0.000797, 0.00076, 0.00647, 0.0102, 0.00397, 0.000152, 0.000196, 0.00339, 0.0123, 0.00847, 0.00289, 0.00161, 0.000544, 0.000514, 0.000581, 2.81e-005, 0.000385, 0.000103, 0.000106, 2.2e-006, 1.12e-005, 4.02e-005, 7.85e-005, 0.000185, 7.38e-005, 5.42e-006, 5.52e-005, 0.000102, 1.14e-005, 8.88e-006, 4.09e-006, 2.02e-006, 4.34e-006, 8e-006, 7.53e-006, 3.83e-006, 3.71e-007, 1.04e-005, 1.33e-005, 4.1e-006, 1.82e-006, 1.17e-006, 5.77e-007, 1.32e-006, 4.34e-007, 2.47e-006, 1.75e-006, 1.93e-006, 5.72e-007, 4.16e-007, 8.62e-007, 1.01e-006, 3.32e-007, 2.8e-008, 3.08e-009, 4.95e-008, 1.43e-007, 4.29e-009, 2.11e-007, 8.12e-008, 5.76e-008, 3.73e-008, 5.29e-008, 4.66e-008, 1.44e-008, 4.94e-009, 4.02e-009, 8.77e-010, 1.12e-008, 1.53e-008, 9.27e-009, 2.97e-009, 1.93e-009, 3.06e-009, 5.49e-009, 3.97e-009, 4.99e-010, 3.29e-011, 2.24e-010, 1.99e-010, 1.58e-010, 1.26e-010, 8.86e-011, 2.17e-010, 4.99e-011, 1.2e-011, 7.32e-012, 4.33e-012, 1.57e-011, 1.07e-011, 5.12e-012, 2.27e-013, 4.83e-012, 8.54e-012, 1.78e-012, 1.62e-015, 6.16e-013, 4.22e-013, 1.48e-014, 2.54e-013, 1.59e-013, 9.8e-015, 1.17e-014, 1.18e-013, 3.64e-014, 4.34e-014, 3.59e-014, 4.35e-014, 3.2e-014, 3.48e-014, 3.33e-014, 3.18e-014, 3.13e-014, 3.06e-014, 3.03e-014
13:44:22, 0.00888, 2.17, 5.45, 1.25, 4.44, 2.68, 2.64, 3.78, 10.1, 18.3, 2.4, 15.3, 22.5, 2.31, 3.14, 1.61, 12.1, 15.5, 0.992, 8.19, 2.24, 2.17, 12.1, 4.62, 0.937, 1.02, 0.216, 1.36, 1.87, 0.0144, 3.56, 3.91, 1.7, 0.192, 0.9, 0.376, 0.658, 2.21, 0.503, 0.924, 1.98, 5.92, 0.963, 0.0917, 0.164, 0.191, 0.194, 0.102, 0.303, 2.24, 3.09, 0.944, 0.159, 0.387, 1.29, 0.28, 0.0811, 0.249, 1.79, 1.18, 0.775, 1.34, 0.759, 1.38, 1.28, 0.564, 0.568, 0.601, 0.388, 0.0872, 0.405, 1.41, 0.253, 1.72, 1.02, 1.6, 1.04, 0.0019, 0.494, 0.589, 1.74, 0.156, 1.04, 0.234, 1.32, 1.47, 0.442, 1.5, 0.288, 0.363, 0.455, 0.123, 0.0747, 0.221, 0.984, 0.305, 0.67, 1.05, 0.395, 21.2, 24.5, 2.59, 0.666, 0.963, 0.397, 0.0726, 0.188, 0.0812, 0.0319, 0.05, 0.225, 0.492, 0.232, 0.0656, 0.0291, 0.0143, 0.153, 0.0729, 0.00773, 0.021, 0.0435, 0.0441, 0.293, 0.156, 0.116, 0.0299, 0.0378, 0.0164, 0.00916, 0.0261, 0.011, 0.00902, 0.00477, 0.000916, 0.00377, 0.00507, 0.00583, 0.00113, 0.0023, 0.00348, 0.00738, 0.00166, 0.00169, 0.00826, 0.00585, 0.00269, 8.6e-005, 1.74e-005, 0.00328, 0.014, 0.00498, 0.00143, 0.000435, 0.000171, 0.000607, 0.000952, 0.000149, 0.000266, 9.72e-006, 0.000155, 1.28e-005, 5.72e-005, 4.26e-005, 4.85e-005, 0.000184, 6.82e-005, 1.62e-005, 6.91e-005, 4.67e-005, 4.28e-006, 4.9e-006, 7.08e-006, 1.14e-006, 1.69e-006, 1.05e-005, 1.62e-005, 3.82e-006, 1.2e-006, 1e-005, 4.75e-006, 3.79e-006, 2.2e-006, 4.5e-008, 1.34e-006, 2.56e-006, 2.72e-006, 2.72e-006, 2.61e-006, 1.79e-006, 4.78e-007, 2.81e-007, 7.35e-007, 7.31e-007, 5.75e-007, 1.59e-007, 9.2e-008, 7.93e-009, 1.09e-007, 1e-007, 2.46e-007, 1.94e-007, 3.08e-008, 1.03e-008, 9.07e-008, 7.84e-008, 2.42e-008, 1.83e-009, 7.96e-009, 8.06e-009, 1.33e-008, 1.44e-008, 1.83e-008, 5.45e-009, 6.19e-010, 2.92e-009, 2.64e-009, 5.33e-009, 4.73e-010, 1.46e-010, 3.76e-010, 3.66e-010, 3.39e-010, 2.53e-010, 1.47e-010, 1.26e-010, 8.72e-011, 2.03e-011, 2.47e-012, 5.81e-012, 2.07e-011, 1.51e-011, 2.09e-012, 2.68e-012, 8.11e-012, 4.85e-012, 3.71e-012, 2.05e-013, 9.3e-013, 1.13e-013, 6.31e-013, 3.71e-015, 1.47e-013, 1.17e-013, 1.47e-014, 1.06e-013, 3.43e-014, 2.45e-014, 2.34e-014, 1.67e-014, 1.68e-014, 9.66e-015, 7.63e-015, 4.86e-015, 3.05e-015, 1.66e-015, 8.33e-016
13:44:22, 0.0038, 1.96, 3.44, 0.34, 2.48, 0.382, 0.777, 1.39, 2.32, 26.6, 14.3, 19.2, 25.5, 13.8, 12.4, 3.19, 16.4, 8.03, 4.39, 9.33, 0.666, 2.25, 16.2, 5.58, 0.196, 0.508, 0.00834, 1.11, 3.19, 1.89, 2.4, 0.8, 0.461, 0.21, 0.837, 0.548, 0.835, 2.03, 1.11, 0.646, 1.24, 5.97, 1.33, 0.196, 0.555, 0.619, 0.282, 0.0971, 0.374, 1.5, 3.32, 1.43, 0.0814, 0.24, 1.02, 0.646, 0.101, 0.287, 1.29, 0.351, 0.16, 0.605, 0.0624, 0.845, 0.246, 0.427, 0.375, 1.4, 0.451, 0.114, 0.723, 2.25, 1.78, 1.65, 1.06, 1.83, 0.315, 0.267, 0.431, 0.37, 1.29, 0.107, 1.37, 1.37, 1.26, 1.54, 1.88, 1.27, 0.0618, 0.242, 1.12, 0.516, 0.288, 0.0156, 0.837, 1.1, 0.917, 0.271, 1.59, 20.8, 23.2, 1.2, 1.28, 0.897, 0.308, 0.204, 0.248, 0.127, 0.0988, 0.115, 0.301, 0.462, 0.16, 0.104, 0.0973, 0.166, 0.167, 0.00442, 0.0359, 0.029, 0.0282, 0.00489, 0.315, 0.356, 0.184, 0.0952, 0.0654, 0.0159, 0.00868, 0.0187, 0.0036, 0.00492, 0.00386, 0.000313, 0.00225, 0.014, 0.00915, 0.00242, 0.0015, 0.00168, 0.0074, 0.00157, 0.00267, 0.00882, 0.000997, 0.00201, 0.000395, 3.83e-005, 0.00249, 0.0134, 0.00278, 0.000885, 2.32e-005, 0.000318, 0.000835, 0.00129, 0.000305, 0.000198, 0.000195, 0.000275, 0.000126, 0.000121, 5.38e-005, 7.78e-005, 0.000171, 1.03e-005, 6.1e-005, 8.16e-005, 2.32e-005, 1.77e-006, 1.1e-005, 8.58e-006, 5.97e-007, 5.93e-008, 1.06e-005, 1.98e-005, 7.84e-006, 4.25e-006, 8.74e-006, 4.77e-007, 1.74e-006, 1.31e-006, 7.33e-007, 2.49e-006, 4.43e-006, 3.82e-006, 2.05e-006, 1.71e-006, 1.15e-006, 2.8e-007, 1.13e-007, 4.69e-007, 2.1e-007, 7.29e-007, 3.6e-007, 2.09e-007, 8.4e-008, 1.32e-007, 1.52e-007, 3.28e-007, 1.93e-007, 1.93e-008, 2.01e-008, 8.75e-008, 7.9e-008, 3.08e-008, 5.87e-010, 1.49e-008, 2.2e-008, 8.98e-009, 6.99e-009, 2.41e-008, 8.69e-009, 7.51e-010, 2.29e-009, 6.2e-010, 6.32e-009, 1.38e-009, 3.69e-010, 2.03e-010, 6.36e-010, 2.95e-010, 4.54e-010, 2.42e-010, 1.03e-011, 1.41e-010, 2.86e-011, 3.61e-012, 2.26e-011, 4.29e-011, 1.73e-011, 1.51e-012, 1.35e-011, 2.14e-012, 2.27e-012, 5.76e-012, 6.49e-013, 9.89e-013, 2.56e-013, 8.64e-013, 4.67e-013, 3.69e-013, 5.39e-013, 3.61e-013, 3.39e-013, 3.32e-013, 2.97e-013, 3.09e-013, 3.28e-013, 2.81e-013, 2.97e-013, 2.89e-013, 2.86e-013, 2.83e-013, 2.81e-013, 2.8e-013
13:44:22, 6.19, 7.35, 7.66, 0.543, 2.79, 1.44, 1.34, 1.16, 4.85, 35.9, 24.4, 11, 20.1, 22.4, 23.2, 19.1, 27.2, 6.2, 5.37, 14, 2.85, 7.25, 20.4, 5.25, 0.155, 0.384, 0.0984, 0.569, 3.82, 5.05, 2.42, 0.781, 1.07, 0.505, 1.16, 1.1, 1.32, 1.49, 0.623, 0.594, 2.78, 5.93, 0.966, 0.359, 1.07, 1.01, 0.269, 0.0267, 0.297, 0.49, 2.76, 1.23, 0.09, 0.211, 0.619, 0.677, 0.214, 0.176, 0.746, 0.363, 0.0503, 0.223, 0.223, 0.48, 0.059, 0.691, 1.15, 1.86, 0.4, 0.0507, 1.23, 2.82, 2.67, 1.54, 0.199, 1.98, 0.28, 0.697, 0.917, 0.901, 0.707, 0.518, 1.63, 2.88, 0.626, 1.26, 2.91, 1.07, 0.0177, 0.625, 2.17, 1.36, 0.203, 0.00992, 0.743, 2.3, 0.8, 0.0932, 1.1, 19.1, 22.6, 0.465, 1.44, 0.473, 0.0909, 0.257, 0.22, 0.111, 0.188, 0.207, 0.352, 0.3, 0.0321, 0.117, 0.221, 0.367, 0.214, 0.0278, 0.0905, 0.041, 0.00917, 0.0608, 0.33, 0.373, 0.188, 0.0987, 0.113, 0.0167, 0.0129, 0.00532, 0.00471, 0.00414, 0.00598, 0.00199, 0.00279, 0.0278, 0.017, 0.00349, 0.000356, 0.000522, 0.00875, 0.0019, 0.00569, 0.00958, 0.000162, 0.000748, 0.000914, 0.000288, 0.00164, 0.0123, 0.00514, 0.00117, 0.00056, 0.000561, 0.00132, 0.00137, 0.000186, 0.00014, 0.000348, 0.000435, 0.000294, 0.000105, 6.88e-005, 0.000117, 0.000147, 2.03e-005, 0.000123, 6.12e-005, 1.45e-005, 5.46e-006, 3.51e-005, 1.84e-005, 3.89e-006, 3.01e-006, 5.17e-006, 1.76e-005, 1.11e-005, 6.54e-006, 7e-006, 9.09e-007, 6.23e-007, 2.07e-007, 2.17e-006, 3.78e-006, 3.61e-006, 3.23e-006, 6.17e-007, 7.14e-007, 3.74e-007, 1.77e-007, 2.33e-007, 2.84e-007, 7.74e-008, 6.22e-007, 3.5e-007, 2.57e-007, 2.14e-007, 1.61e-007, 4.86e-008, 3.79e-007, 1.73e-007, 9.51e-009, 4.33e-008, 5.03e-008, 4.38e-008, 2.7e-008, 9.66e-009, 2.22e-008, 2.6e-008, 6.73e-009, 4.13e-009, 1.96e-008, 1.38e-008, 3.37e-009, 1.52e-009, 1.14e-009, 7.04e-009, 3.71e-009, 6.07e-010, 1.96e-010, 9e-010, 4.3e-011, 5.41e-010, 4.01e-010, 3.52e-011, 1.22e-010, 5.75e-011, 3.5e-012, 4.25e-011, 6.06e-011, 4.17e-011, 4.02e-012, 1.59e-011, 3.33e-012, 3.52e-013, 5.83e-012, 1.83e-013, 8.85e-013, 1.03e-012, 7.35e-013, 1.52e-013, 5.22e-013, 7.05e-013, 1.28e-013, 4.52e-013, 2.85e-013, 3.01e-013, 2.29e-013, 2.45e-013, 1.97e-013, 1.95e-013, 1.83e-013, 1.7e-013, 1.62e-013, 1.56e-013, 1.53e-013
13:44:22, 6.97, 8.09, 38.6, 21.7, 30.1, 20.8, 4.14, 2.8, 21.9, 45.8, 15.9, 2.34, 10.9, 15.6, 25.2, 33.3, 36.4, 11.1, 6.08, 14.8, 11.3, 15.4, 18.7, 5.71, 0.284, 0.238, 0.231, 0.542, 3.58, 5.07, 3.37, 2.34, 2.54, 1.22, 0.41, 2.16, 1.57, 0.471, 0.317, 0.586, 4.08, 5.77, 0.565, 0.484, 1.06, 1.25, 0.121, 0.0015, 0.255, 0.159, 2.18, 0.58, 0.113, 0.204, 0.293, 0.487, 0.481, 0.227, 0.241, 0.562, 0.246, 0.477, 0.619, 0.211, 0.414, 1.31, 2.6, 1.57, 0.253, 0.0754, 1.88, 2.23, 1.75, 1.4, 0.289, 1.7, 1.06, 1.26, 1.47, 0.921, 0.283, 0.481, 1.51, 3.27, 0.812, 1.45, 2.45, 0.691, 0.182, 1.21, 3.23, 1.76, 0.207, 0.0298, 1.01, 2.51, 0.987, 0.239, 0.105, 16.4, 22.4, 2.82, 0.795, 0.093, 0.0581, 0.263, 0.157, 0.0593, 0.194, 0.179, 0.215, 0.183, 0.00315, 0.0519, 0.283, 0.442, 0.219, 0.0885, 0.133, 0.0781, 0.036, 0.171, 0.279, 0.177, 0.147, 0.026, 0.165, 0.0602, 0.0211, 0.000346, 0.0107, 0.00233, 0.00696, 0.00993, 0.0157, 0.044, 0.0195, 0.0021, 0.000428, 0.000656, 0.0122, 0.00934, 0.0129, 0.0108, 0.00155, 1.5e-005, 0.00148, 0.000867, 0.00253, 0.0103, 0.00644, 0.00198, 0.000954, 0.000438, 0.00148, 0.00106, 9.09e-005, 8.18e-005, 0.000306, 0.0004, 0.000389, 4.55e-005, 7.23e-005, 7.99e-005, 0.000105, 0.000126, 0.000169, 5.02e-005, 1.23e-005, 3.24e-005, 5.18e-005, 4.42e-005, 1.76e-005, 7.35e-006, 8.88e-007, 1.18e-005, 9.22e-006, 4.15e-006, 5.26e-006, 2.95e-006, 1.84e-007, 4.31e-008, 3.07e-006, 4.4e-006, 9.56e-007, 1.84e-006, 1.81e-007, 1.91e-007, 1.54e-007, 1.25e-007, 2.78e-007, 2.51e-007, 2.51e-007, 3.88e-007, 1.16e-007, 2.51e-007, 2.13e-007, 1.24e-007, 1.18e-008, 4.62e-007, 2.42e-007, 2.64e-008, 2.79e-008, 1.67e-008, 1.47e-008, 1.08e-008, 2.4e-008, 1.66e-008, 1.91e-008, 8.7e-009, 4.59e-009, 8.85e-009, 1.77e-008, 6.16e-009, 3.15e-010, 2.69e-009, 5.71e-009, 5.43e-009, 1.56e-009, 8.71e-010, 8.96e-010, 1.05e-010, 7.42e-010, 3.76e-010, 7.66e-011, 1.37e-010, 6.41e-011, 2.69e-012, 4.82e-011, 8.55e-011, 3.5e-011, 1.09e-011, 9.04e-012, 6.47e-012, 1.19e-012, 1.72e-012, 1.65e-013, 3.82e-013, 1.8e-013, 6.99e-014, 1.64e-013, 3.46e-014, 1.04e-013, 2.01e-014, 8.35e-014, 4.85e-014, 2.61e-014, 3.96e-014, 2.83e-014, 3.93e-014, 3.32e-014, 3.4e-014, 3.37e-014, 3.36e-014, 3.36e-014, 3.35e-014
13:44:22, 6.15, 33.4, 124, 148, 146, 93.5, 30.7, 23.8, 54, 39.1, 4.5, 0.446, 5.06, 4.1, 14.7, 29.5, 28.8, 20.8, 4.67, 11.1, 23.9, 13.7, 13.4, 4.3, 0.376, 0.141, 0.55, 1.19, 1.93, 2.93, 2.93, 2.73, 4.19, 2, 0.129, 2.72, 1.55, 0.205, 0.766, 0.925, 2.76, 5.18, 1.21, 0.48, 0.392, 1.42, 0.238, 0.142, 0.358, 0.681, 1.85, 0.229, 0.195, 0.42, 0.365, 0.583, 1.3, 1.04, 0.29, 1.01, 0.949, 0.742, 0.763, 0.0374, 0.782, 2.29, 2.25, 1.53, 0.0025, 0.672, 2.44, 0.952, 0.599, 1.12, 0.852, 1.1, 1.45, 2.03, 0.992, 0.62, 0.0698, 0.278, 0.654, 2.53, 2.42, 1.66, 1.1, 0.51, 0.266, 2.3, 3.27, 1.09, 0.468, 0.226, 1.12, 1.75, 1.14, 0.325, 0.374, 15.5, 20.4, 3.17, 0.726, 0.0452, 0.17, 0.313, 0.206, 0.0736, 0.0969, 0.073, 0.0447, 0.137, 0.0332, 0.0134, 0.195, 0.364, 0.125, 0.102, 0.124, 0.0972, 0.114, 0.222, 0.141, 0.0223, 0.101, 0.0216, 0.203, 0.112, 0.0243, 0.0105, 0.0236, 0.00355, 0.0144, 0.0152, 0.0255, 0.0614, 0.0166, 0.00142, 0.00135, 0.00158, 0.0143, 0.0249, 0.0196, 0.00778, 0.00338, 0.000667, 0.00259, 0.00199, 0.00299, 0.00747, 0.00414, 0.00182, 0.00112, 3.38e-005, 0.00139, 0.000617, 6.68e-005, 0.000152, 0.000112, 0.000237, 0.0003, 5.81e-005, 8.99e-005, 3.87e-005, 8.72e-005, 0.000189, 0.000151, 8.12e-005, 3.49e-005, 5.62e-005, 3.67e-005, 6.38e-005, 4.66e-005, 8.98e-006, 1.04e-006, 6.48e-006, 3.76e-006, 1.58e-006, 1.71e-006, 5.45e-006, 1.07e-006, 7.91e-007, 5.38e-006, 2.71e-006, 3e-009, 1.03e-006, 2.17e-007, 1.11e-007, 2.27e-007, 2.18e-007, 7.33e-008, 3.12e-007, 2.35e-007, 1.96e-007, 6.59e-008, 2.18e-007, 1.36e-007, 5.04e-008, 1.94e-007, 6.36e-007, 3.65e-007, 5e-008, 4.11e-009, 1.83e-009, 6.09e-009, 3.79e-009, 3.28e-008, 2.72e-009, 1.18e-008, 6.62e-009, 3.7e-009, 2.27e-009, 1.42e-008, 8.54e-009, 1.91e-010, 3.06e-009, 2.72e-009, 4.54e-009, 2.69e-009, 1.42e-009, 6.84e-010, 4.49e-010, 7.91e-010, 3.58e-010, 3.12e-011, 1.42e-010, 6.76e-011, 1.14e-011, 5.01e-011, 5.43e-011, 3.38e-011, 3.7e-012, 7.98e-012, 7.21e-012, 6.37e-013, 1.36e-012, 1.38e-013, 5.37e-013, 7.7e-013, 4.66e-014, 5.97e-014, 4.6e-014, 6.79e-014, 1.25e-014, 8.8e-014, 2.78e-014, 2.19e-014, 2.4e-014, 2.38e-014, 1.94e-014, 1.88e-014, 1.76e-014, 1.68e-014, 1.62e-014, 1.57e-014, 1.54e-014
13:44:22, 0.852, 43.1, 258, 366, 287, 180, 91.1, 63.9, 62.7, 27.1, 0.211, 4.44, 3.39, 1.53, 2.82, 16.3, 10.3, 23.2, 9.37, 18.1, 28, 3.7, 8.36, 1.66, 0.642, 0.496, 0.895, 1.28, 0.822, 1.4, 1.25, 2.03, 3.72, 2.74, 1.42, 2.03, 1.54, 1.21, 1.72, 0.861, 0.952, 3.7, 2.06, 0.334, 0.0222, 1.4, 1.12, 0.656, 0.435, 0.785, 1.63, 0.559, 0.336, 0.675, 0.672, 1.02, 1.88, 2.54, 1.86, 2.06, 1.3, 0.601, 0.577, 0.301, 1.27, 2.68, 0.621, 1.72, 0.828, 2.02, 1.68, 0.636, 0.433, 0.539, 0.821, 0.631, 0.835, 2.51, 0.254, 0.399, 0.112, 0.129, 0.0593, 1.49, 3.54, 1.56, 0.19, 0.968, 0.701, 2.86, 2.34, 0.196, 0.655, 0.675, 0.69, 0.715, 1.14, 0.0845, 0.929, 15.4, 17.5, 0.54, 1.39, 0.233, 0.107, 0.39, 0.388, 0.103, 0.021, 0.000426, 0.00921, 0.149, 0.0938, 0.0454, 0.0468, 0.257, 0.0258, 0.0435, 0.0979, 0.0356, 0.205, 0.169, 0.0323, 0.0146, 0.0902, 0.0956, 0.185, 0.135, 0.00892, 0.029, 0.0439, 0.0211, 0.0252, 0.0134, 0.0192, 0.0722, 0.0217, 0.00266, 0.00279, 0.00185, 0.0117, 0.0381, 0.0186, 0.00237, 0.00381, 0.00216, 0.00336, 0.00312, 0.00123, 0.00482, 0.00126, 0.000768, 0.000943, 0.000251, 0.00121, 0.000416, 1.92e-005, 0.000288, 4.26e-005, 0.000144, 0.000104, 0.00012, 0.000133, 8.21e-005, 0.000128, 0.00013, 8.02e-005, 0.000101, 6.43e-005, 5.61e-005, 6.65e-006, 6.1e-005, 6.71e-005, 1.76e-005, 7.41e-007, 5.63e-006, 3.42e-006, 1.04e-006, 4.61e-007, 5.92e-006, 5.17e-006, 5.46e-006, 8.13e-006, 8.25e-007, 4.8e-007, 9.29e-007, 9.9e-008, 8.83e-008, 2.9e-007, 3.23e-007, 6.22e-008, 3.84e-007, 2.52e-007, 2.13e-007, 2.48e-007, 1.5e-007, 1.19e-007, 6.37e-008, 3.95e-007, 7.21e-007, 4.19e-007, 3.85e-008, 1.64e-009, 1.38e-009, 7.15e-009, 2.88e-008, 4.01e-008, 2.29e-009, 6.22e-009, 1.68e-009, 2.09e-009, 1.14e-009, 7.66e-009, 8.77e-009, 2.41e-009, 2.36e-009, 3.03e-010, 2.56e-009, 2.2e-009, 1.3e-009, 3.71e-010, 4.42e-010, 8.14e-010, 2.31e-010, 7.44e-012, 1.24e-010, 5.84e-011, 1.49e-011, 4.34e-011, 1.61e-011, 1.83e-011, 2.8e-012, 4.33e-012, 8.66e-012, 7.85e-014, 5.56e-013, 1.3e-012, 9.42e-013, 7.47e-013, 4.46e-014, 1.38e-013, 2.22e-014, 2.05e-014, 8.76e-014, 1.44e-014, 4.43e-014, 1.78e-014, 2.19e-014, 1.41e-014, 1.72e-014, 1.36e-014, 1.22e-014, 1.12e-014, 1.03e-014, 9.66e-015, 9.29e-015
13:44:23, 0.538, 60.8, 373, 484, 269, 193, 131, 77.4, 38.4, 17.7, 2.58, 5.98, 5.19, 3.21, 0.0601, 7.28, 3.61, 20.4, 32.1, 33.9, 21, 0.139, 4.04, 1.63, 1.07, 1.81, 0.667, 0.703, 0.885, 1.88, 1.54, 2.16, 1.2, 2.81, 3.62, 0.974, 1.18, 2.94, 2.34, 0.267, 0.186, 2.28, 1.63, 0.228, 0.0464, 1.18, 2.69, 1.49, 0.19, 0.634, 1, 0.888, 0.577, 0.412, 0.842, 1.09, 1.4, 3.11, 4.41, 3.22, 0.522, 0.474, 0.158, 1.07, 1.58, 1.69, 0.277, 2.04, 3.33, 3.01, 0.441, 0.776, 0.864, 0.189, 0.456, 0.628, 0.818, 1.78, 0.506, 0.559, 0.166, 0.178, 0.0937, 0.863, 2.68, 1.43, 0.368, 1.69, 2, 1.49, 1.59, 0.126, 0.641, 0.649, 0.357, 0.171, 1.11, 0.00447, 0.873, 13.1, 16.8, 0.604, 1.54, 0.422, 0.00488, 0.353, 0.495, 0.159, 0.0373, 0.0448, 0.0593, 0.267, 0.322, 0.147, 0.0616, 0.209, 0.00596, 0.00286, 0.0796, 0.00457, 0.235, 0.109, 0.00381, 0.0614, 0.122, 0.08, 0.132, 0.144, 0.00144, 0.0451, 0.0486, 0.0374, 0.0304, 0.00879, 0.0112, 0.0709, 0.0334, 0.00298, 0.00326, 0.00195, 0.00882, 0.0411, 0.012, 0.000135, 0.00251, 0.00264, 0.00255, 0.00318, 4.4e-005, 0.0029, 0.000696, 0.000225, 0.000395, 0.00116, 0.000885, 0.000264, 0.000102, 0.000299, 0.000174, 0.000121, 8.02e-006, 0.000108, 0.000164, 9.21e-005, 0.000179, 9.36e-005, 5.01e-005, 6.26e-005, 6.2e-005, 4.58e-005, 1.27e-006, 4.02e-005, 5.46e-005, 2.81e-005, 5.4e-006, 9.8e-006, 6.35e-006, 1.97e-006, 2.18e-006, 3.4e-006, 8.83e-006, 1.44e-005, 1.04e-005, 2.98e-007, 1.11e-006, 1.16e-006, 7.45e-008, 1.02e-008, 4.15e-007, 1.39e-007, 2.2e-007, 6.81e-007, 6e-007, 4.7e-007, 4.62e-007, 2.57e-008, 1.67e-007, 1.79e-007, 3e-007, 6.07e-007, 3.17e-007, 2.52e-008, 4.73e-009, 8.39e-009, 2.66e-008, 6.44e-008, 5.26e-008, 1.38e-008, 2.51e-009, 2.63e-010, 2.41e-009, 1.4e-009, 2.96e-009, 5.9e-009, 4.26e-009, 1.38e-009, 1.01e-010, 1.05e-009, 7.6e-010, 6.75e-010, 2.63e-010, 3.88e-010, 5.55e-010, 1.26e-010, 5.03e-011, 7.86e-011, 5.12e-011, 9.25e-012, 2.79e-011, 2.92e-012, 1.24e-011, 3.52e-012, 4.46e-012, 5.68e-012, 1.03e-012, 7.76e-013, 1.88e-012, 7.29e-013, 6.45e-013, 1.35e-013, 1.73e-014, 1.17e-013, 5.7e-014, 7.39e-014, 8.18e-014, 4.92e-014, 7.23e-014, 4.76e-014, 5.99e-014, 5.7e-014, 5.41e-014, 5.55e-014, 5.51e-014, 5.48e-014, 5.47e-014, 5.45e-014
13:44:23, 1.37, 63, 376, 384, 110, 122, 94.9, 51.6, 10.8, 8.14, 5.37, 6.12, 5.2, 4.37, 1.32, 3.03, 10.3, 29.5, 50.7, 35.5, 13.8, 2.32, 1.6, 2.15, 2.69, 4.24, 0.294, 0.422, 0.665, 3.55, 5.13, 3.36, 0.00802, 1.43, 4.62, 1.38, 1.51, 2.9, 2.16, 0.285, 0.0387, 1.69, 0.588, 0.247, 0.018, 1.1, 3.9, 2.02, 0.109, 0.464, 0.387, 0.816, 0.823, 0.111, 0.605, 0.589, 0.446, 2.3, 5.45, 3.36, 0.127, 0.586, 0.404, 2.04, 0.931, 0.672, 1.12, 2.68, 5.2, 2.94, 0.134, 0.694, 1.01, 0.188, 0.339, 1.14, 1.66, 0.661, 0.865, 1.35, 0.651, 0.476, 0.44, 0.265, 1.49, 1.13, 0.664, 2.23, 2.83, 0.16, 1.18, 0.685, 0.399, 0.231, 0.196, 0.333, 1.33, 0.68, 0.124, 11.3, 18.3, 2.62, 0.863, 0.575, 0.0523, 0.287, 0.252, 0.377, 0.198, 0.129, 0.0893, 0.375, 0.686, 0.372, 0.242, 0.186, 0.032, 0.0166, 0.0745, 0.0771, 0.198, 0.094, 0.0133, 0.0603, 0.148, 0.0324, 0.0801, 0.158, 0.0329, 0.0313, 0.0373, 0.0261, 0.0256, 0.00663, 0.0121, 0.0561, 0.0385, 0.00238, 0.00397, 0.00409, 0.0114, 0.0318, 0.0107, 1.71e-005, 0.00181, 0.00197, 0.00154, 0.00289, 0.000638, 0.00148, 0.00168, 0.000307, 0.000435, 0.0016, 0.000482, 0.000117, 0.000141, 0.000251, 0.00028, 8.17e-005, 1.07e-005, 6.29e-005, 0.000131, 4.16e-005, 0.000153, 0.000176, 0.000121, 3.42e-005, 5.68e-005, 3.72e-005, 4.77e-006, 2.79e-005, 2.26e-005, 2.41e-005, 2.16e-005, 1.38e-005, 4.63e-006, 4.12e-006, 3.25e-006, 7.42e-007, 8.35e-006, 2.06e-005, 1.15e-005, 1.22e-006, 9.04e-007, 1.54e-006, 4.44e-007, 2.27e-007, 5.86e-007, 2.51e-008, 4.19e-007, 1.02e-006, 7.38e-007, 7.13e-007, 5.67e-007, 4.02e-008, 2.45e-007, 2.01e-007, 1.06e-007, 3.47e-007, 1.49e-007, 3.53e-008, 8.75e-009, 2.28e-008, 5.57e-008, 7.23e-008, 5.02e-008, 2.27e-008, 1.25e-009, 1.01e-009, 4.18e-009, 2.61e-010, 1.57e-009, 2.03e-009, 3.09e-009, 8.13e-010, 4.88e-010, 2.79e-010, 2.03e-010, 2.17e-010, 4.6e-010, 4.17e-010, 3.75e-010, 5.37e-011, 4.23e-011, 7.59e-011, 4.63e-011, 1.38e-011, 7.54e-012, 2.19e-011, 7.46e-012, 4.58e-012, 4.81e-012, 4.93e-012, 2.19e-012, 2.52e-013, 3.08e-012, 1.6e-012, 3.9e-013, 7.62e-013, 9.62e-013, 4.19e-013, 7.93e-013, 6.35e-013, 6.66e-013, 6.3e-013, 5.96e-013, 6.48e-013, 6.11e-013, 6.13e-013, 6.14e-013, 6.08e-013, 6.05e-013, 6.04e-013, 6.02e-013, 6.02e-013
13:44:23, 0.0768, 54.7, 259, 194, 7.62, 42, 27.9, 22.1, 0.317, 3.43, 2.59, 7.42, 0.793, 7.03, 2.64, 2.88, 17.1, 36.5, 44.2, 18.2, 9.65, 1.47, 1.25, 0.829, 6.25, 5.98, 1.09, 0.373, 0.197, 4.52, 8.6, 5.36, 0.855, 0.0812, 4.73, 3.1, 1.85, 1.4, 1.29, 0.855, 0.394, 1.78, 0.218, 0.152, 0.0457, 1.15, 3.81, 2.02, 0.106, 0.498, 0.423, 0.9, 1.4, 0.549, 0.319, 0.338, 0.0135, 1.15, 4.2, 2.07, 0.686, 1.14, 1.9, 2.09, 0.36, 0.194, 1.6, 2.64, 4.49, 2.02, 0.441, 0.637, 0.623, 0.301, 0.151, 1.71, 2.35, 0.207, 0.796, 2.08, 1.63, 1.05, 0.477, 0.018, 0.695, 0.716, 0.329, 2.36, 2.14, 0.386, 1.2, 0.722, 0.181, 0.0204, 0.0974, 0.463, 1.34, 1.67, 0.675, 13, 19.9, 2.01, 0.701, 0.28, 0.234, 0.223, 0.0293, 0.539, 0.525, 0.205, 0.0304, 0.424, 0.751, 0.615, 0.338, 0.119, 0.0569, 0.0478, 0.0667, 0.114, 0.155, 0.0583, 0.0222, 0.0328, 0.117, 0.0442, 0.0721, 0.134, 0.0704, 0.00813, 0.0233, 0.00278, 0.0211, 0.00323, 0.0144, 0.0332, 0.0278, 0.00602, 0.00665, 0.0103, 0.0101, 0.0182, 0.0139, 0.000689, 0.00348, 0.0024, 0.00182, 0.00277, 0.000759, 0.000724, 0.00227, 0.000728, 0.000813, 0.00132, 0.000285, 4.91e-005, 3.78e-005, 0.000185, 0.000247, 2.51e-005, 4.54e-005, 3.52e-005, 6.92e-005, 2.45e-005, 0.000149, 0.000214, 0.000191, 0.000115, 8.7e-005, 2.37e-005, 1.67e-006, 2e-005, 6.26e-006, 1.21e-005, 3.7e-005, 1.36e-005, 8.84e-007, 5.1e-006, 2.36e-006, 6.1e-009, 5.76e-006, 1.87e-005, 8.49e-006, 2.59e-006, 3.16e-007, 1.63e-006, 1.75e-006, 9.57e-007, 5.9e-007, 1.18e-007, 5.23e-007, 1.22e-006, 3.1e-007, 7.16e-007, 4.87e-007, 1.71e-007, 3.46e-007, 1.17e-007, 2.6e-008, 1.69e-007, 1.64e-008, 6.64e-008, 1.83e-008, 1.75e-008, 7.92e-008, 4.62e-008, 2.65e-008, 2.66e-008, 1.97e-009, 2.4e-009, 6.58e-009, 1.77e-009, 7.21e-010, 3.86e-010, 1.28e-009, 2.32e-010, 4.84e-010, 1.26e-012, 4.19e-010, 4.97e-010, 2.66e-010, 5.16e-010, 4.37e-010, 1.01e-010, 6.49e-011, 8.77e-011, 1.01e-010, 1.09e-011, 8.02e-012, 2.89e-011, 6.83e-012, 1.11e-012, 2.48e-012, 5.89e-012, 2.27e-013, 1.42e-012, 9.9e-013, 7.46e-013, 6.92e-014, 7.14e-014, 3.54e-014, 1.52e-013, 3.02e-014, 4.81e-014, 7.36e-014, 5.16e-014, 3.95e-014, 5.42e-014, 4.84e-014, 4.56e-014, 4.68e-014, 4.66e-014, 4.6e-014, 4.59e-014, 4.58e-014, 4.58e-014
13:44:23, 0.307, 41, 116, 75.8, 12.8, 6.53, 1.53, 5.94, 3.83, 2.86, 3.37, 6.21, 0.201, 7.55, 7.56, 8.19, 14.9, 23.7, 27.7, 2.53, 5.4, 0.0325, 1.43, 0.86, 8.17, 6.61, 1.46, 0.299, 0.411, 4.59, 7.14, 6.52, 3.19, 1.08, 5.66, 2.98, 1.43, 0.338, 0.541, 0.938, 1.15, 2.2, 0.446, 0.0277, 0.199, 1.18, 2.21, 1.95, 0.061, 0.788, 1.11, 1.29, 1.63, 1.77, 1.02, 0.612, 0.175, 0.509, 2.36, 0.718, 0.855, 2.02, 3.19, 1.48, 0.139, 0.261, 1.46, 0.974, 2.9, 0.971, 0.535, 0.685, 0.121, 0.411, 0.175, 1.61, 2.31, 0.557, 0.601, 1.85, 2.12, 1.19, 0.412, 0.0787, 0.237, 0.499, 0.252, 1.7, 0.912, 1.16, 1.57, 0.294, 0.0753, 0.0159, 0.0473, 0.191, 1.31, 1.31, 1.77, 16.2, 20.6, 0.721, 0.582, 0.06, 0.228, 0.203, 0.0605, 0.479, 0.734, 0.293, 0.0356, 0.331, 0.461, 0.556, 0.271, 0.0369, 0.0517, 0.0784, 0.0334, 0.0745, 0.105, 0.0116, 0.0191, 0.0167, 0.0752, 0.0465, 0.0768, 0.0676, 0.0654, 0.01, 0.0232, 0.00546, 0.0173, 0.00322, 0.0137, 0.0108, 0.0131, 0.0097, 0.00736, 0.0153, 0.00375, 0.0101, 0.0136, 0.00283, 0.00396, 0.00425, 0.00278, 0.00121, 0.000884, 0.000796, 0.00248, 0.000599, 0.000981, 0.000663, 0.000338, 0.00011, 1.4e-005, 7.13e-005, 0.000186, 3.07e-005, 0.000109, 2.06e-005, 4.95e-005, 7.6e-005, 0.000202, 0.000127, 0.000168, 0.000284, 0.000122, 4.3e-006, 2.41e-006, 1.66e-005, 4.18e-006, 8.44e-006, 3.73e-005, 1.2e-005, 2.94e-007, 3.39e-006, 1.4e-006, 2.24e-007, 3.97e-006, 1.23e-005, 3.43e-006, 2.93e-006, 7.81e-007, 2.85e-006, 3.22e-006, 1.22e-006, 5.39e-007, 1.11e-007, 5.6e-007, 1.19e-006, 3.25e-008, 5.68e-007, 2.94e-007, 1.56e-007, 4.2e-007, 1.56e-007, 4.54e-009, 1.2e-007, 5.79e-008, 1.15e-007, 2.64e-008, 1.23e-008, 7.15e-008, 2.62e-008, 1.08e-008, 2.31e-008, 2.73e-009, 4.25e-009, 9.7e-009, 4.09e-009, 4.94e-010, 3.07e-010, 3.62e-010, 4.46e-011, 3.39e-010, 3.09e-010, 8.12e-010, 8.8e-010, 1.01e-010, 4.86e-010, 7.59e-010, 2.65e-010, 1.16e-010, 1.29e-010, 1.3e-010, 1.89e-011, 1.57e-011, 2.96e-011, 4.65e-012, 1.04e-012, 5.71e-012, 5.17e-012, 8.33e-013, 1.21e-012, 1.52e-012, 7.89e-013, 1.58e-013, 1.04e-014, 3.86e-014, 3.64e-014, 1.12e-014, 1.45e-015, 1.74e-014, 4.54e-015, 5.02e-015, 6.72e-016, 1.46e-015, 2e-015, 1.26e-015, 1.56e-015, 1.46e-015, 1.46e-015, 1.46e-015, 1.45e-015
13:44:23, 20.5, 34.1, 33, 23, 26.6, 1.37, 0.158, 2.53, 2.79, 5.56, 10.6, 4.88, 0.656, 8.54, 13.4, 10.8, 9.12, 6.76, 20.7, 0.825, 1.36, 1, 2.17, 3.46, 6.62, 4.99, 1.09, 0.148, 1.11, 3.44, 2.99, 4.62, 5.15, 4.14, 6.49, 1.35, 0.878, 0.282, 0.161, 0.704, 1.13, 2.48, 1.17, 0.0544, 0.465, 0.746, 0.736, 1.36, 0.395, 1.02, 1.85, 1, 1.16, 2.34, 2.62, 1.47, 0.22, 0.43, 1.24, 0.115, 0.329, 2.52, 2.85, 0.779, 0.0623, 0.481, 1.03, 0.0198, 1.38, 0.851, 0.514, 0.659, 0.0788, 0.687, 0.699, 0.578, 1.97, 0.966, 0.261, 1.08, 1.6, 0.619, 0.408, 0.101, 0.0852, 0.47, 0.575, 0.876, 0.143, 1.25, 1.88, 0.229, 0.0362, 0.0143, 0.0542, 0.0838, 0.666, 1, 0.929, 17.7, 21, 1.66, 0.226, 0.0147, 0.136, 0.179, 0.115, 0.365, 0.481, 0.426, 0.173, 0.122, 0.152, 0.26, 0.153, 0.00372, 0.016, 0.0868, 0.0103, 0.0421, 0.0508, 0.0059, 0.0272, 0.0318, 0.036, 0.0142, 0.057, 0.0166, 0.038, 0.0445, 0.0312, 0.0154, 0.013, 0.0126, 0.0106, 0.0011, 0.00412, 0.00645, 0.00501, 0.0126, 0.00469, 0.00879, 0.00907, 0.00296, 0.00302, 0.00445, 0.0022, 0.00019, 0.000988, 0.00258, 0.00274, 4.04e-005, 0.000809, 0.000185, 0.000277, 0.000297, 0.000116, 6.12e-006, 0.000132, 0.000162, 0.000188, 0.000103, 4.88e-005, 5.71e-005, 0.000283, 8.72e-005, 0.00015, 0.00038, 0.000132, 3.59e-006, 1.41e-005, 1.9e-005, 2.1e-006, 1.08e-005, 2.73e-005, 1.09e-005, 8.96e-007, 1.69e-006, 1.31e-006, 2.05e-007, 2.34e-006, 5.93e-006, 2.62e-006, 2.93e-006, 3.93e-006, 4.56e-006, 3.36e-006, 6.57e-007, 4.67e-007, 1.06e-008, 4.7e-007, 1e-006, 3.32e-007, 3.79e-007, 1.59e-007, 6.36e-008, 3.65e-007, 2.5e-007, 3.62e-008, 2.11e-007, 2.4e-007, 1.63e-007, 3.92e-008, 2.07e-008, 3.99e-008, 2.47e-008, 2.13e-008, 1.68e-008, 1.04e-009, 6.32e-009, 1e-008, 4.85e-009, 3.28e-010, 4.88e-010, 4.75e-011, 1.2e-010, 3.63e-010, 7.8e-010, 1.07e-009, 7.71e-010, 2.69e-010, 6.28e-010, 8.47e-010, 3.87e-010, 6.23e-011, 1.7e-010, 1.1e-010, 1.78e-011, 2.92e-011, 2.01e-011, 7.35e-012, 3.14e-012, 4.45e-012, 1e-011, 2.18e-013, 5.62e-013, 4.26e-012, 1.1e-012, 8.01e-013, 6.59e-013, 4.78e-013, 3.39e-013, 6.18e-013, 3.66e-013, 4.92e-013, 3.71e-013, 4.32e-013, 4.03e-013, 4e-013, 3.87e-013, 3.88e-013, 3.82e-013, 3.79e-013, 3.77e-013, 3.75e-013, 3.74e-013
13:44:23, 9.03, 26.5, 7.37, 2.04, 20.9, 4.44, 1.83, 2.79, 0.233, 7.71, 17.3, 5.33, 0.269, 9.34, 17.9, 3.25, 8.03, 8.49, 21.2, 6.06, 0.368, 2.55, 3.64, 4.16, 3.83, 1.88, 0.971, 0.106, 1.17, 1.87, 0.477, 1.16, 5.79, 4.74, 5.45, 1.61, 0.768, 0.809, 0.0222, 0.7, 0.149, 2.6, 2.04, 0.478, 0.615, 0.23, 0.0731, 0.948, 0.334, 1.24, 1.86, 0.271, 0.547, 1.41, 3.78, 2.58, 0.289, 0.284, 0.846, 0.0791, 0.164, 1.67, 2.06, 0.0986, 0.274, 0.787, 0.562, 0.182, 0.549, 1.02, 1.34, 0.594, 0.126, 1.42, 1.62, 0.084, 1.6, 0.562, 0.0405, 0.591, 0.72, 0.102, 0.267, 0.0559, 0.0775, 0.577, 0.341, 0.435, 0.155, 0.926, 1.76, 0.398, 0.0428, 0.00732, 0.0862, 0.178, 0.219, 0.5, 0.146, 17.3, 21, 2.02, 0.166, 0.0467, 0.0756, 0.184, 0.0347, 0.276, 0.098, 0.492, 0.263, 0.00252, 0.0272, 0.0971, 0.0701, 0.00354, 0.00248, 0.0692, 0.0507, 0.0221, 0.0158, 0.0348, 0.0591, 0.0528, 0.00481, 0.0039, 0.041, 0.0141, 0.0244, 0.0536, 0.042, 0.0113, 0.00822, 0.0194, 0.00482, 0.0016, 0.0023, 0.00149, 0.000318, 0.00951, 0.00917, 0.00897, 0.00412, 0.00111, 0.000941, 0.00336, 0.000678, 0.000238, 0.00121, 0.00522, 0.00317, 0.000304, 0.000337, 9e-005, 0.000187, 0.000516, 0.000168, 1.87e-005, 0.00012, 0.00025, 0.000233, 0.000206, 6.49e-005, 4.12e-005, 0.000264, 0.000173, 0.000227, 0.000277, 0.000119, 2.04e-005, 1.97e-005, 2.39e-005, 3e-006, 1.18e-005, 1.31e-005, 9.53e-006, 3.14e-007, 1.31e-006, 1.21e-006, 4.29e-007, 6.58e-007, 1.65e-006, 5.37e-006, 5.77e-006, 5.62e-006, 4.38e-006, 2.63e-006, 4.35e-008, 3.77e-007, 5.09e-008, 2.55e-007, 7.42e-007, 5.31e-007, 2.11e-007, 9.9e-008, 1.28e-007, 1.83e-007, 2.17e-007, 2.17e-007, 3.45e-007, 3.37e-007, 1.76e-007, 4.05e-008, 2.83e-008, 1.61e-008, 1.82e-008, 4.4e-008, 1.35e-008, 2.61e-010, 4.4e-009, 7.3e-009, 4.26e-009, 3.61e-011, 7.87e-010, 1.38e-010, 2.8e-010, 1.48e-010, 1.07e-009, 9.48e-010, 3.32e-010, 4.54e-010, 5.7e-010, 6.48e-010, 3.19e-010, 1.76e-012, 1.64e-010, 5.99e-011, 1.08e-011, 1.67e-011, 2.27e-011, 1.03e-012, 3.09e-012, 1.03e-011, 3.47e-012, 5.48e-013, 6.16e-013, 2.23e-012, 1.21e-012, 2.36e-013, 3.05e-014, 1.57e-014, 1.88e-015, 2.09e-014, 1.83e-014, 1.51e-014, 9.65e-015, 7.17e-015, 3.04e-015, 6.29e-015, 5.35e-015, 5.17e-015, 5.49e-015, 5.28e-015, 5.28e-015, 5.27e-015, 5.27e-015
13:44:23, 12.2, 16.1, 0.933, 2.66, 14.4, 9.01, 5.04, 3.39, 0.124, 4.93, 25.3, 6.85, 0.205, 8.65, 20.7, 0.83, 12.5, 17.1, 16.4, 11.1, 3.42, 5.54, 3.11, 2.54, 1.19, 0.297, 1.03, 0.629, 0.164, 1.74, 0.351, 0.175, 5.79, 1.5, 4.23, 3.16, 0.603, 0.961, 0.66, 1.51, 0.461, 2.44, 1.63, 1.43, 0.724, 0.0817, 0.482, 0.866, 0.036, 1.01, 1.36, 0.101, 0.145, 0.459, 3.01, 3.56, 0.472, 0.279, 0.699, 0.11, 0.195, 0.754, 1.2, 0.316, 0.984, 1.04, 0.271, 0.251, 0.297, 0.589, 2.93, 1.25, 0.377, 2.84, 2.6, 0.998, 1.18, 0.0623, 0.139, 0.36, 0.288, 0.0158, 0.0889, 0.0374, 0.0979, 0.605, 0.0912, 0.242, 0.393, 0.642, 1.22, 0.491, 0.0215, 0.046, 0.2, 0.405, 0.00327, 0.112, 0.732, 17, 20.1, 0.75, 0.381, 0.0212, 0.0627, 0.205, 0.084, 0.245, 0.0415, 0.323, 0.256, 0.0499, 0.0537, 0.0928, 0.0397, 0.00173, 0.000235, 0.0779, 0.132, 0.00599, 0.00688, 0.032, 0.121, 0.0624, 0.00559, 0.0225, 0.0427, 0.0341, 0.0142, 0.0361, 0.033, 0.00733, 0.00436, 0.0229, 0.00096, 0.00497, 0.0027, 0.000965, 0.00151, 0.00855, 0.00657, 0.00678, 0.00284, 0.000512, 0.000128, 0.00217, 0.000229, 0.000394, 0.00184, 0.00618, 0.00361, 0.000727, 0.000159, 7.31e-005, 0.000427, 0.000491, 0.00015, 5.15e-005, 8.39e-005, 0.000255, 0.000111, 0.000267, 9.2e-005, 7.74e-005, 0.000181, 0.000182, 0.000293, 0.000106, 7.13e-005, 3.67e-005, 1.24e-005, 2.21e-005, 1.41e-005, 1.06e-005, 1.88e-006, 8.03e-006, 5.88e-007, 2.31e-007, 2.11e-006, 8.92e-007, 4.55e-007, 1.99e-007, 8.32e-006, 8.32e-006, 3.44e-006, 2.17e-006, 1.98e-006, 1.58e-007, 2.32e-007, 1.35e-007, 9.76e-008, 4.78e-007, 2.6e-007, 1.17e-007, 3.22e-008, 2.58e-007, 6.47e-008, 1.42e-007, 3.59e-007, 3.82e-007, 2.13e-007, 1.46e-007, 1.94e-008, 2.59e-008, 1.42e-008, 1.65e-008, 5.17e-008, 1.42e-008, 6.71e-010, 2.01e-009, 2.69e-009, 3.13e-009, 1.05e-009, 1.44e-009, 6.55e-010, 3.62e-010, 2.79e-012, 1.29e-009, 6.35e-010, 1.35e-010, 2.49e-010, 3.93e-010, 2.37e-010, 2.37e-010, 6.61e-011, 1.48e-010, 1.75e-011, 4.07e-012, 8.29e-012, 1.96e-011, 2.7e-012, 6.86e-012, 1.28e-011, 6.99e-013, 1.14e-012, 5.9e-013, 2.75e-012, 6.62e-013, 1.75e-013, 2.2e-013, 1.49e-013, 9.6e-014, 1.34e-013, 4.34e-014, 1.02e-013, 5.69e-014, 5.3e-014, 4.03e-014, 3.33e-014, 3e-014, 2.4e-014, 1.92e-014, 1.55e-014, 1.27e-014, 1.06e-014, 9.31e-015
13:44:23, 1.76, 8, 1.18, 6.52, 10.2, 6.38, 9.16, 5.39, 0.692, 4.36, 29.6, 14.7, 1.14, 12.8, 23, 6.76, 14.6, 18.4, 6.46, 10.2, 7.83, 10, 1.86, 2.02, 0.44, 0.0989, 1.07, 2.01, 0.786, 3.02, 1.73, 2, 5.63, 0.717, 3.05, 3.98, 0.306, 0.946, 2.46, 2.84, 2.23, 1.81, 0.515, 1.68, 1.47, 0.641, 1.68, 1.2, 0.251, 0.245, 1.01, 0.313, 0.063, 0.291, 1.14, 3.91, 1.22, 0.736, 0.445, 0.0886, 0.281, 0.254, 0.56, 1.65, 2.22, 0.866, 0.118, 0.052, 0.362, 0.584, 4, 2.88, 1.58, 3.1, 3.32, 1.97, 0.728, 0.0675, 0.34, 0.188, 0.135, 0.129, 0.0134, 0.027, 0.0655, 0.629, 0.27, 0.154, 0.336, 0.179, 0.808, 0.342, 0.0117, 0.0619, 0.438, 0.448, 0.15, 0.167, 0.543, 17.8, 20, 0.493, 0.344, 0.0327, 0.092, 0.156, 0.301, 0.357, 0.187, 0.0884, 0.21, 0.134, 0.103, 0.125, 0.0225, 0.000635, 0.00776, 0.126, 0.246, 0.0468, 0.0159, 0.0514, 0.133, 0.075, 0.0277, 0.0333, 0.0349, 0.0405, 0.00424, 0.0271, 0.0139, 0.00605, 0.0124, 0.0224, 0.00532, 0.00855, 0.00594, 0.00205, 0.00336, 0.00923, 0.00225, 0.00376, 0.00518, 0.00113, 0.000724, 0.00132, 0.000931, 0.000549, 0.00139, 0.00573, 0.00304, 0.000426, 0.000344, 0.000255, 0.000824, 0.000327, 5.4e-005, 0.000111, 4.81e-005, 0.0003, 5.68e-006, 0.000318, 8.11e-005, 9.25e-005, 0.00014, 7.34e-005, 0.000273, 1.82e-005, 2.24e-005, 3.14e-005, 1.97e-006, 1.68e-005, 1.98e-005, 7.68e-006, 4.4e-007, 7.28e-006, 3.24e-006, 2.61e-007, 2.66e-006, 2.46e-006, 2.15e-006, 3.4e-006, 1.11e-005, 5.56e-006, 1.18e-006, 2.06e-007, 1.77e-006, 3.56e-007, 1.14e-007, 2.21e-007, 1.4e-007, 1.82e-007, 6e-008, 4.72e-008, 2.31e-008, 3.23e-007, 1.41e-007, 1.65e-007, 2e-007, 3.28e-007, 3.37e-008, 1.01e-007, 1.18e-008, 1.86e-008, 2.75e-008, 1.95e-008, 4.2e-008, 1.63e-008, 6.8e-011, 8.72e-010, 6.76e-010, 1.3e-009, 3.58e-009, 2.12e-009, 7.77e-010, 3.86e-010, 2.94e-010, 1.24e-009, 8.45e-010, 2.43e-010, 5.86e-011, 2.75e-010, 4.87e-011, 1.21e-010, 2.4e-010, 9.89e-011, 2.22e-011, 5.14e-012, 7.41e-012, 1.01e-011, 6.96e-012, 2.29e-011, 9.41e-012, 1.38e-012, 1.07e-012, 1.58e-012, 1.79e-012, 7.43e-013, 3.94e-013, 3.07e-013, 2.18e-013, 1.85e-013, 3.27e-013, 2.09e-013, 2.98e-013, 2.53e-013, 2.21e-013, 2.39e-013, 2.34e-013, 2.33e-013, 2.25e-013, 2.23e-013, 2.22e-013, 2.21e-013, 2.2e-013, 2.19e-013
13:44:24, 0.81, 8.36, 8.88, 10.7, 3.56, 1.86, 9.16, 9.21, 0.908, 5.14, 31.5, 20.8, 4.08, 16.5, 27.9, 5.67, 14, 15.9, 1.05, 5.37, 7.12, 12.8, 4.33, 2.69, 1.68, 0.681, 1.94, 2.61, 3.42, 5.8, 2.2, 3.15, 6.05, 2.13, 2.13, 3, 0.845, 1.31, 3, 4.25, 2.76, 1.05, 0.00256, 1.04, 2.14, 2.12, 2.23, 1.59, 0.826, 0.159, 1.17, 0.0392, 0.308, 0.456, 0.238, 2.98, 2.65, 1.32, 0.251, 0.0822, 0.34, 0.216, 0.539, 2.36, 3.61, 1.05, 0.255, 0.406, 0.495, 0.941, 3.94, 4.03, 2.47, 1.78, 2.68, 1.97, 0.213, 0.383, 0.652, 0.0673, 0.087, 0.129, 0.0461, 0.0666, 0.18, 0.455, 0.576, 0.135, 0.253, 0.0975, 0.818, 0.149, 0.04, 0.131, 0.547, 0.444, 0.169, 0.233, 0.482, 18, 20.7, 1.98, 0.194, 0.0337, 0.138, 0.0401, 0.443, 0.532, 0.181, 0.00918, 0.131, 0.158, 0.0766, 0.142, 0.0273, 0.00319, 0.0301, 0.228, 0.312, 0.145, 0.0732, 0.108, 0.0724, 0.0631, 0.0442, 0.0245, 0.0157, 0.0241, 0.0136, 0.0329, 0.0122, 0.00568, 0.0212, 0.0168, 0.00945, 0.0135, 0.0087, 0.00219, 0.0025, 0.00797, 0.00287, 0.00292, 0.00628, 0.00252, 0.000594, 0.000687, 0.00241, 0.000987, 0.000937, 0.00398, 0.00189, 4.92e-007, 0.000899, 0.000939, 0.000683, 0.000271, 5.17e-005, 0.000243, 0.000221, 0.00035, 0.000126, 0.000336, 9.69e-005, 0.00013, 0.00017, 0.000107, 0.0002, 1.49e-005, 3.74e-006, 1.51e-005, 3.25e-006, 1.27e-005, 1.01e-005, 7.27e-006, 1.03e-006, 7.66e-006, 9.8e-006, 3.24e-006, 1.53e-006, 3.66e-006, 7.74e-006, 1.12e-005, 9.28e-006, 2.28e-006, 5.84e-008, 2.21e-007, 1.82e-006, 4.92e-007, 1.79e-007, 4.89e-007, 3.77e-007, 1.99e-008, 1.53e-008, 1.38e-008, 9.55e-008, 3.36e-007, 2.7e-007, 1.81e-007, 1.5e-008, 2.66e-007, 4.52e-008, 8.96e-008, 3.97e-009, 3.26e-008, 4.96e-008, 4.17e-009, 3.72e-008, 1.22e-008, 2.43e-010, 2.25e-010, 3.73e-010, 1.16e-009, 5.12e-009, 2.4e-009, 2.86e-010, 3.19e-010, 4.16e-010, 1.38e-009, 8e-010, 4.11e-010, 2.37e-010, 2.69e-010, 8.79e-011, 8.44e-011, 2.62e-010, 6.4e-011, 2.15e-011, 1.52e-011, 2.26e-011, 9.67e-013, 2.39e-011, 3.26e-011, 9.27e-012, 1.54e-013, 9.33e-013, 2.62e-012, 1.02e-012, 4.89e-014, 3.14e-014, 2.16e-013, 8.82e-014, 3.74e-014, 1.93e-014, 8e-015, 1.77e-014, 5.5e-015, 1.18e-014, 7.83e-015, 6.43e-015, 6.24e-015, 6.83e-015, 5.95e-015, 5.88e-015, 5.66e-015, 5.54e-015, 5.45e-015
13:44:24, 0.836, 6.99, 21.5, 16.6, 0.161, 1.85, 11.3, 12.7, 0.34, 6.84, 25.3, 21.9, 3.33, 17.2, 27.9, 2.79, 12, 21.3, 5.85, 1.14, 3.35, 11.5, 7.2, 2.37, 3.2, 2.65, 2.51, 1.4, 5.89, 9.38, 1.36, 3.63, 6.3, 1.41, 1.48, 1.15, 1.95, 1.69, 1.38, 4.56, 1.87, 0.469, 0.599, 0.374, 1.81, 3.74, 1.37, 1.31, 1.39, 1.14, 1.77, 0.278, 0.997, 0.627, 0.417, 1.54, 3.09, 1.45, 0.257, 0.132, 0.199, 0.274, 1.01, 1.56, 3.44, 2.83, 1.38, 1.58, 0.481, 0.885, 3.17, 2.67, 2.35, 0.319, 1.18, 1.26, 0.135, 0.861, 1.35, 0.248, 0.0248, 0.0935, 0.163, 0.229, 0.373, 0.119, 0.7, 0.311, 0.418, 0.736, 1.16, 0.307, 0.148, 0.331, 0.324, 0.369, 0.0584, 0.118, 0.941, 17.9, 20.1, 2.21, 0.36, 0.207, 0.238, 0.0232, 0.36, 0.558, 0.104, 0.00986, 0.153, 0.162, 0.0528, 0.128, 0.0262, 0.0111, 0.0782, 0.316, 0.249, 0.155, 0.191, 0.153, 0.00654, 0.0397, 0.0249, 0.0202, 0.00804, 0.00312, 0.0311, 0.0531, 0.0188, 0.00536, 0.0175, 0.0128, 0.0045, 0.0211, 0.00577, 0.00188, 0.000213, 0.00685, 0.00431, 0.00177, 0.00595, 0.00277, 0.000275, 0.000289, 0.00494, 0.00248, 0.00188, 0.00175, 0.000668, 0.000487, 0.00175, 0.00177, 0.000161, 0.000281, 0.000167, 0.000358, 0.000586, 0.000393, 0.00013, 0.000364, 0.000226, 0.000192, 0.000243, 0.000222, 0.000146, 1.59e-005, 1.76e-006, 5.09e-006, 1.67e-005, 9.58e-006, 2.21e-006, 8.12e-006, 8.88e-008, 8.16e-006, 1.7e-005, 1.11e-005, 1.39e-006, 6.06e-006, 1.42e-005, 1.46e-005, 5.58e-006, 5.06e-007, 3.66e-007, 1.37e-006, 2.69e-006, 4.27e-007, 1.86e-007, 1.15e-006, 7.28e-007, 5e-008, 2.83e-008, 7.18e-009, 9.49e-008, 3.41e-007, 2.23e-007, 1.08e-007, 4.82e-008, 3.1e-007, 2.35e-007, 9.69e-008, 7.29e-009, 7.85e-008, 7.74e-008, 6.95e-009, 3.04e-008, 7.66e-009, 4.58e-010, 4.54e-011, 2.26e-010, 2.06e-009, 4.42e-009, 2.59e-009, 1.47e-010, 5.48e-010, 4.95e-010, 1.65e-009, 1.88e-010, 5.42e-010, 2.69e-010, 3.78e-010, 1.55e-010, 3.85e-011, 3.05e-010, 2.2e-011, 1.75e-011, 2.78e-011, 3.4e-011, 1.51e-011, 3.61e-011, 3.82e-011, 8.81e-012, 1.04e-013, 1.16e-012, 1.82e-012, 1.88e-012, 1.38e-013, 2.89e-014, 6.01e-013, 8.76e-014, 1.04e-013, 7.58e-014, 3.81e-014, 5.54e-014, 3.43e-014, 5.7e-014, 3.84e-014, 4.2e-014, 4.28e-014, 4.04e-014, 4.1e-014, 4.05e-014, 4.03e-014, 4.01e-014, 4e-014
13:44:24, 0.106, 4.38, 26.8, 25.9, 5.96, 5.91, 16.3, 19.7, 1.38, 10.5, 9.26, 21.1, 1.15, 20.2, 19.1, 3.62, 11.9, 31.4, 15.1, 1.82, 0.806, 7.44, 7.83, 0.414, 4.58, 4.38, 1.57, 0.226, 5.51, 12.6, 2.39, 4.4, 5.92, 0.0317, 1.03, 0.265, 1.94, 1.37, 0.091, 3.4, 2.05, 0.597, 1.46, 0.14, 1.39, 4.4, 0.3, 0.975, 0.906, 2.62, 2.68, 0.935, 1.34, 1.37, 0.585, 0.53, 2.14, 0.987, 0.196, 0.257, 0.177, 0.27, 1.42, 0.306, 2.19, 4.25, 3.44, 2.7, 0.579, 0.938, 2.46, 0.491, 2.18, 0.263, 0.197, 0.692, 0.574, 1.09, 2.36, 0.941, 0.0971, 0.0777, 0.157, 0.531, 0.512, 0.0305, 0.734, 0.44, 0.563, 1.44, 1.42, 0.573, 0.323, 0.539, 0.046, 0.4, 0.123, 0.382, 0.533, 18.2, 18.5, 0.383, 1.22, 0.696, 0.274, 0.0912, 0.193, 0.344, 0.15, 0.0445, 0.388, 0.327, 0.132, 0.0713, 0.0142, 0.0257, 0.0857, 0.336, 0.124, 0.0994, 0.225, 0.169, 0.0242, 0.0393, 0.0162, 0.0374, 0.0167, 0.00383, 0.0382, 0.0684, 0.0209, 0.00256, 0.00811, 0.0124, 0.00606, 0.0273, 0.00298, 0.00137, 0.000893, 0.00586, 0.00368, 0.000444, 0.00407, 0.00322, 0.00025, 0.00211, 0.00858, 0.00526, 0.00177, 0.000482, 7.47e-005, 0.00098, 0.00289, 0.00226, 6.1e-005, 0.000327, 7.91e-005, 0.000481, 0.000662, 0.000425, 5.56e-006, 0.000394, 0.000318, 0.000192, 0.00022, 0.00023, 9.79e-005, 6.46e-006, 8.16e-007, 3.2e-006, 1.99e-005, 1.43e-005, 6.7e-006, 7.49e-006, 7.12e-007, 6.59e-006, 1.68e-005, 1.86e-005, 8.42e-006, 1.13e-005, 1.12e-005, 1.23e-005, 2.38e-006, 3.34e-008, 1.21e-006, 3.46e-006, 4.1e-006, 4.33e-007, 4.91e-007, 1.89e-006, 9.65e-007, 1.71e-007, 7.83e-008, 9.09e-009, 1.13e-007, 2.15e-007, 1.1e-007, 1.5e-008, 2.02e-007, 4.87e-007, 3.16e-007, 7.53e-008, 5.69e-008, 1.3e-007, 1.08e-007, 3.56e-008, 1.94e-008, 3.29e-009, 2.12e-010, 2.57e-010, 5.31e-010, 2.06e-009, 2.29e-009, 2.48e-009, 1.2e-009, 1.48e-009, 1.79e-009, 1.89e-009, 4.44e-011, 4.44e-010, 1.04e-010, 3.75e-010, 3.55e-010, 1.67e-010, 3.39e-010, 4.93e-011, 1.37e-011, 1.34e-011, 5.12e-011, 3.82e-011, 2.32e-011, 3.99e-011, 6.78e-012, 3.18e-013, 3.91e-013, 1.31e-012, 1.74e-012, 9.88e-014, 4.43e-013, 2.53e-013, 4.22e-013, 2.21e-014, 1.02e-013, 1.62e-014, 3.9e-014, 3.9e-014, 3.64e-014, 3.39e-014, 3.36e-014, 3.51e-014, 3.31e-014, 3.35e-014, 3.3e-014, 3.29e-014, 3.28e-014, 3.27e-014
13:44:24, 0.0412, 1.38, 23.1, 33.1, 12.2, 8.78, 14.5, 25.2, 13.7, 10.3, 0.893, 14.6, 10.8, 20.7, 11.2, 1.82, 14.3, 29.3, 22.3, 5.41, 0.0659, 4.36, 6.17, 0.652, 5.64, 3.55, 0.506, 0.0888, 3.88, 13, 6, 3.53, 5.06, 1.3, 1.16, 0.705, 0.999, 0.524, 0.249, 2.63, 2.46, 1.43, 2.01, 0.34, 0.909, 4.45, 1.38, 0.987, 0.166, 3.45, 3.1, 0.816, 1.22, 1.98, 0.505, 0.335, 1.11, 0.294, 0.106, 0.277, 0.498, 0.744, 1.12, 0.0609, 1.27, 3.19, 4.46, 2.74, 0.713, 1.45, 2.14, 0.753, 2.65, 1.08, 0.162, 0.41, 0.905, 0.767, 2.72, 2.49, 0.669, 0.117, 0.265, 0.631, 0.402, 0.414, 0.887, 0.182, 0.561, 1.53, 1.12, 0.506, 0.482, 0.34, 0.241, 0.812, 1.01, 0.836, 0.902, 16.7, 18.4, 0.836, 2.03, 0.777, 0.3, 0.129, 0.0708, 0.169, 0.117, 0.238, 0.788, 0.695, 0.172, 0.0285, 0.00183, 0.0588, 0.0217, 0.308, 0.142, 0.105, 0.0891, 0.17, 0.119, 0.071, 0.0511, 0.0488, 0.026, 0.0211, 0.0375, 0.0521, 0.0259, 0.00267, 0.000369, 0.0163, 0.0258, 0.0245, 0.00488, 0.00194, 0.0031, 0.00297, 0.00393, 0.00106, 0.000925, 0.00443, 0.00279, 0.00755, 0.0115, 0.0047, 0.00145, 2.5e-005, 0.000282, 0.00127, 0.00305, 0.00212, 0.000613, 0.00052, 5.2e-005, 0.000645, 0.000234, 0.000485, 0.000127, 0.000338, 0.000208, 0.000105, 0.000106, 0.000126, 5.13e-005, 6.95e-006, 8.48e-007, 3.89e-006, 1.35e-005, 1.83e-005, 1.62e-005, 9.16e-006, 3.68e-007, 6.31e-006, 7.41e-006, 1.82e-005, 1.83e-005, 1.63e-005, 1.71e-006, 1.04e-005, 1.03e-006, 1.11e-006, 3.45e-006, 5.34e-006, 3.38e-006, 1.8e-006, 1.8e-006, 1.99e-006, 7.49e-007, 2.87e-007, 6.91e-008, 8.65e-008, 2.1e-007, 3.45e-008, 7.34e-008, 1.45e-008, 2.28e-007, 6.69e-007, 2.54e-007, 3.14e-008, 9.57e-008, 1.44e-007, 1.11e-007, 4.09e-008, 1.49e-008, 2.27e-010, 1.65e-009, 1.08e-009, 1.64e-009, 6.68e-010, 7.76e-010, 1.54e-009, 2.5e-009, 2.2e-009, 3.38e-009, 2.69e-009, 4.85e-010, 1.45e-010, 2.94e-011, 3.25e-010, 6.48e-010, 4.49e-010, 3.55e-010, 5.67e-011, 1.73e-011, 4.96e-012, 6.65e-011, 4.64e-011, 6.45e-012, 3.14e-011, 6.14e-012, 5.8e-014, 4.27e-014, 1e-012, 1.12e-012, 2.14e-014, 6.55e-013, 2.64e-013, 3.43e-013, 1.47e-013, 5.06e-014, 1.09e-013, 5.01e-014, 7.96e-014, 5.03e-014, 6.76e-014, 5.94e-014, 5.57e-014, 5.7e-014, 5.52e-014, 5.38e-014, 5.33e-014, 5.28e-014, 5.24e-014
13:44:24, 2.5, 0.291, 18.7, 30, 8.84, 8.45, 4.8, 23.7, 29.3, 9.92, 1.54, 6.35, 21.9, 18.4, 4.05, 0.17, 15.2, 13.2, 22.7, 10.1, 1.43, 1.5, 4.12, 3.73, 4.81, 2.1, 0.000227, 0.81, 1.81, 11.1, 8.18, 0.917, 4.48, 2.65, 1.49, 1.43, 0.223, 0.172, 0.48, 2.56, 1.76, 1.62, 2.56, 0.569, 0.562, 3.96, 3.87, 1.39, 0.572, 2.62, 2.8, 0.164, 0.8, 1.66, 0.662, 0.374, 0.513, 0.0261, 0.189, 0.481, 1.03, 1.06, 0.846, 0.169, 1.04, 0.897, 3.52, 1.81, 0.487, 1.59, 2.14, 1.9, 2.87, 1.64, 0.32, 0.263, 0.808, 0.106, 2.44, 4.02, 1.67, 0.369, 0.365, 0.572, 0.0651, 1.03, 1.09, 0.0164, 0.297, 1.04, 0.609, 0.0992, 0.623, 0.016, 0.911, 1.67, 2.22, 1.43, 1.56, 12.4, 19.6, 3.56, 1.47, 0.803, 0.0875, 0.29, 0.242, 0.152, 0.132, 0.327, 1.1, 1.01, 0.127, 0.00406, 0.0458, 0.132, 0.0292, 0.276, 0.229, 0.174, 0.00535, 0.172, 0.135, 0.099, 0.104, 0.0261, 0.0272, 0.0301, 0.0266, 0.016, 0.0422, 0.0167, 0.00642, 0.0201, 0.0378, 0.0198, 0.00321, 0.0044, 0.00366, 0.000376, 0.00558, 0.00377, 0.000329, 0.00507, 0.00607, 0.0118, 0.0118, 0.00148, 0.00146, 0.000671, 0.00106, 0.00113, 0.0019, 0.0014, 0.000835, 0.000807, 0.000699, 0.000829, 1.79e-005, 0.000504, 0.000342, 0.000229, 4.27e-005, 2.57e-005, 2.98e-005, 3.43e-005, 1.69e-005, 8.17e-006, 2.88e-006, 2.58e-006, 7.54e-006, 1.28e-005, 1.65e-005, 1.63e-005, 1.81e-006, 8.4e-006, 3.61e-007, 1.25e-005, 1.55e-005, 1.77e-005, 1.98e-006, 9.87e-006, 4.27e-006, 3.59e-006, 7.62e-006, 4.85e-006, 1.09e-006, 4.16e-006, 4.47e-006, 1.31e-006, 4.34e-007, 3.66e-007, 3.21e-008, 3.18e-007, 3.38e-007, 1.84e-008, 6.61e-008, 4.17e-008, 1.36e-007, 6.67e-007, 2.81e-007, 3.87e-008, 3.94e-008, 1.35e-007, 6.41e-008, 2.28e-008, 1.34e-008, 1.82e-009, 4.07e-009, 2.14e-009, 2.78e-009, 2.44e-010, 6.47e-010, 1.09e-009, 2.7e-009, 1.36e-009, 3.96e-009, 3.05e-009, 8.46e-010, 1.42e-011, 1.34e-010, 5.45e-010, 5.45e-010, 6.24e-010, 3.09e-010, 2.33e-011, 2.17e-011, 2.15e-011, 6.04e-011, 5.44e-011, 9.9e-012, 2.53e-011, 5.6e-013, 2.2e-012, 1.72e-013, 2.68e-013, 1.49e-012, 2.99e-013, 3.71e-015, 7.95e-013, 3.57e-013, 1.26e-013, 1.8e-013, 3.49e-013, 1.87e-013, 2.41e-013, 1.97e-013, 2.14e-013, 2.08e-013, 2.16e-013, 2.07e-013, 2.08e-013, 2.07e-013, 2.07e-013, 2.07e-013, 2.06e-013
13:44:24, 0.352, 0.656, 18, 22.3, 0.926, 5.67, 0.477, 15.4, 29.1, 12.4, 2.28, 2.57, 19.3, 14.3, 0.092, 4.26, 14.5, 1.34, 17.2, 15.8, 1.7, 0.443, 1.71, 4.82, 2.93, 0.984, 0.283, 1.55, 0.0284, 10.3, 7.7, 0.398, 3.18, 1.95, 1.33, 1.29, 0.225, 0.131, 0.118, 2.59, 1.17, 1.18, 3.01, 0.48, 0.472, 3.01, 4.18, 2.3, 1.05, 1.12, 2.41, 0.0714, 0.187, 1.15, 0.515, 0.275, 0.171, 0.223, 0.401, 1.22, 1.49, 0.392, 1.1, 0.0208, 1.44, 0.0675, 2.66, 0.583, 0.0857, 1.25, 1.57, 1.59, 2.42, 1.26, 0.436, 0.078, 0.578, 0.081, 1.92, 3.99, 2.1, 0.854, 0.14, 0.596, 0.182, 1.76, 1.3, 0.0889, 0.112, 0.674, 0.0986, 0.138, 1.12, 0.513, 1.86, 2.28, 1.57, 2.74, 0.887, 9.43, 19.7, 3.14, 1.06, 0.49, 0.0427, 0.594, 0.797, 0.571, 0.344, 0.0496, 1.41, 1.05, 0.0409, 0.0174, 0.158, 0.308, 0.235, 0.172, 0.191, 0.225, 0.0748, 0.183, 0.0696, 0.0919, 0.143, 0.00611, 0.0234, 0.0176, 0.0118, 0.000288, 0.0649, 0.0517, 0.0173, 0.0145, 0.0308, 0.0159, 0.000271, 0.00662, 0.00218, 0.000387, 0.00708, 0.00748, 0.0032, 0.0048, 0.0043, 0.0125, 0.00794, 0.00054, 0.00098, 0.00305, 0.00214, 0.000195, 0.000961, 0.000452, 0.000387, 0.000844, 0.00156, 0.0012, 0.000354, 0.000369, 0.000283, 0.00015, 1.61e-006, 2.12e-005, 1.46e-005, 1.21e-006, 4.58e-006, 4.67e-006, 6.58e-006, 4.72e-007, 3.6e-006, 6.66e-006, 8.13e-006, 2.47e-005, 1.24e-005, 9.57e-006, 2.98e-006, 7.03e-006, 3.99e-006, 1.59e-005, 9.49e-006, 8.84e-006, 7.25e-006, 6.93e-006, 9.64e-006, 3.25e-006, 1.61e-007, 5.23e-006, 6.94e-006, 1.25e-006, 3.74e-007, 4.63e-007, 1.35e-007, 5.77e-007, 4.58e-007, 1.2e-007, 5.53e-008, 2.75e-008, 3.57e-008, 5.42e-007, 4.43e-007, 1.03e-007, 2.72e-009, 1.15e-007, 3.46e-008, 1.37e-008, 4.12e-009, 9.25e-009, 1.06e-008, 4.16e-010, 5.75e-009, 4.77e-009, 2.52e-009, 2.07e-009, 1.58e-009, 1.39e-010, 3.47e-009, 2.24e-009, 6.98e-010, 2.97e-010, 5.11e-010, 8.9e-010, 1.26e-010, 5.26e-010, 2.82e-010, 9.67e-013, 1.28e-011, 3.27e-011, 3.95e-011, 5.21e-011, 3.09e-011, 3.16e-011, 1.5e-013, 7.01e-013, 1.74e-012, 1.34e-013, 1.54e-012, 5.69e-013, 6.11e-013, 2.43e-013, 6.32e-013, 5.03e-013, 1.94e-013, 5.16e-013, 3.81e-013, 3.85e-013, 3.97e-013, 3.59e-013, 3.72e-013, 3.6e-013, 3.65e-013, 3.62e-013, 3.59e-013, 3.58e-013, 3.57e-013, 3.57e-013
13:44:24, 0.755, 1.84, 17.1, 14.1, 2.3, 5.82, 1.77, 6.24, 20.8, 7.75, 3.34, 3.43, 9.13, 10.5, 2.04, 8.5, 11.7, 3.51, 13.5, 15.5, 2.49, 0.743, 0.157, 4.02, 0.643, 0.776, 0.133, 2.87, 2.63, 11.2, 5.75, 2.19, 1.81, 0.723, 0.26, 1.39, 0.391, 0.0573, 0.126, 2.52, 1.57, 1.61, 2.59, 0.422, 0.563, 1.48, 2.59, 2.13, 1.02, 0.303, 2.98, 0.553, 0.384, 0.772, 0.0988, 0.15, 0.0803, 0.26, 0.689, 1.82, 1.43, 0.00621, 1.46, 1.01, 1.83, 1.23, 2.55, 0.425, 0.211, 1.42, 0.611, 0.762, 1.33, 0.436, 0.441, 0.224, 0.482, 0.186, 1.6, 2.75, 1.03, 1.41, 0.125, 0.881, 1.15, 2.14, 1.36, 0.164, 0.151, 0.695, 0.211, 1.18, 2.48, 2.01, 1.83, 1.87, 0.388, 2.77, 2.01, 11.8, 17.9, 0.762, 0.631, 0.227, 0.299, 0.718, 1.2, 1.22, 0.672, 0.127, 1.5, 1.04, 0.00435, 0.0692, 0.271, 0.559, 0.395, 0.0716, 0.0854, 0.209, 0.113, 0.194, 0.0564, 0.0804, 0.159, 0.0219, 0.0112, 0.00834, 0.00329, 0.0182, 0.0932, 0.0943, 0.0153, 0.00731, 0.0129, 0.0138, 0.00334, 0.00591, 0.000832, 0.00143, 0.00797, 0.00966, 0.00533, 0.00309, 0.000722, 0.00931, 0.00564, 0.000213, 0.00174, 0.00623, 0.00329, 0.000277, 0.000346, 6.55e-005, 3.28e-005, 0.000497, 0.00168, 0.00152, 0.000653, 0.000164, 8.25e-005, 0.00012, 2.61e-005, 2.61e-005, 1.65e-005, 2.66e-006, 5.1e-006, 7.37e-006, 6.88e-006, 4.06e-008, 4.05e-006, 6.63e-006, 8.07e-006, 2.3e-005, 2.14e-005, 9.67e-006, 6.25e-006, 3.78e-006, 7.31e-007, 1.02e-005, 1.25e-005, 4.85e-006, 6.33e-006, 6.95e-006, 7.42e-006, 2.25e-006, 5.48e-007, 4.7e-006, 6.91e-006, 1.95e-006, 4.42e-007, 3.87e-007, 4.05e-007, 5.76e-007, 4.45e-007, 1.76e-007, 5.03e-008, 7.13e-009, 1.18e-008, 4.74e-007, 4.68e-007, 1.43e-007, 5.15e-008, 1.05e-007, 5.14e-008, 1.85e-008, 3.53e-009, 2.05e-008, 2.53e-008, 5.73e-009, 1.61e-008, 1.59e-008, 6e-009, 1.53e-009, 7.25e-010, 1.78e-010, 2.63e-009, 1.59e-009, 4.17e-010, 1.02e-009, 8.15e-010, 9.54e-010, 7.33e-011, 4.31e-010, 1.94e-010, 1.64e-011, 1.31e-011, 1.31e-011, 2.54e-011, 2.19e-011, 6.25e-011, 2.46e-011, 1.84e-012, 6.18e-013, 1.04e-012, 9.32e-013, 9.86e-013, 8.12e-014, 4.4e-013, 4.62e-014, 3.45e-014, 1.66e-013, 2.07e-013, 1.95e-014, 6.97e-014, 5.6e-014, 6.01e-014, 4.88e-014, 4.87e-014, 5.11e-014, 4.96e-014, 4.91e-014, 4.91e-014, 4.89e-014, 4.88e-014, 4.87e-014
13:44:24, 0.085, 3.47, 13.5, 6.21, 7.67, 10.3, 3.27, 5.94, 13.4, 0.627, 6.14, 5.93, 1.61, 6.54, 6.79, 8.46, 5.85, 8.35, 12, 7.75, 4.78, 1.34, 0.812, 2.96, 0.572, 1.1, 0.535, 5.17, 9.53, 11.1, 2.57, 2.88, 2.02, 0.85, 0.777, 2.1, 0.742, 0.173, 0.945, 2.52, 1.45, 2.19, 1.87, 0.183, 0.566, 0.273, 1.16, 0.724, 0.784, 1.02, 3.98, 1.84, 1.15, 0.595, 0.0638, 0.213, 0.147, 0.0627, 0.846, 1.49, 1.04, 0.431, 1.55, 2.85, 2.29, 1.29, 2.69, 1.8, 1.11, 2.05, 0.394, 0.356, 0.499, 0.0228, 0.274, 0.657, 0.55, 0.0327, 1.11, 1.63, 0.0299, 1.56, 0.962, 1.27, 1.55, 1.97, 0.955, 0.172, 0.214, 0.855, 0.987, 2.48, 4.34, 2.78, 0.785, 1.04, 0.105, 2.04, 4.32, 15.7, 16.3, 0.638, 0.134, 0.0475, 0.409, 0.702, 0.726, 1.75, 0.821, 0.36, 1.46, 1.05, 0.0527, 0.0571, 0.32, 0.656, 0.339, 0.0336, 0.0513, 0.174, 0.0295, 0.194, 0.106, 0.0723, 0.139, 0.067, 0.00117, 0.0129, 0.0132, 0.0354, 0.104, 0.12, 0.0115, 0.00456, 0.00141, 0.0104, 0.00878, 0.00375, 0.000437, 0.00152, 0.0083, 0.00618, 0.0051, 0.000491, 0.000247, 0.00789, 0.00628, 0.000368, 0.00262, 0.00753, 0.00517, 0.00118, 0.000298, 2.64e-005, 9.5e-007, 0.000275, 0.000959, 0.00128, 0.00056, 4.08e-005, 4.56e-006, 8.62e-005, 3.24e-005, 2.7e-005, 6.67e-006, 1.49e-005, 1.14e-005, 6.76e-006, 1.26e-005, 2.36e-006, 1.12e-005, 1.06e-005, 1.17e-005, 1.17e-005, 1.89e-005, 8.26e-006, 3.99e-006, 4.88e-006, 9.7e-007, 5.97e-006, 7.8e-006, 1.01e-006, 3.6e-006, 2.36e-006, 4.49e-006, 1.6e-006, 5.18e-007, 3.58e-006, 4.43e-006, 2.02e-006, 3.07e-007, 2.12e-007, 4.51e-007, 3.46e-007, 2.68e-007, 1.08e-007, 5.13e-008, 3.94e-008, 1.13e-007, 4.5e-007, 2.59e-007, 1.11e-007, 9.86e-008, 8.88e-008, 4.87e-008, 3.19e-008, 2.09e-008, 3.51e-008, 3.18e-008, 2.06e-008, 3.29e-008, 2.89e-008, 6.89e-009, 4.16e-010, 4.09e-010, 2.66e-010, 2.23e-009, 1.88e-009, 9.95e-010, 1.81e-009, 3.61e-010, 8.94e-010, 5.39e-010, 3.41e-010, 1.09e-010, 1.24e-011, 1.96e-011, 1.4e-011, 1.12e-011, 6.25e-012, 5.93e-011, 2.81e-011, 1.81e-012, 3.3e-012, 1.48e-012, 1.47e-012, 2.87e-012, 1.15e-012, 5.68e-013, 1.4e-012, 1.3e-012, 4.55e-013, 1.61e-012, 3.84e-013, 8.75e-013, 7.45e-013, 6.66e-013, 6.86e-013, 6.58e-013, 6.42e-013, 6.26e-013, 6.14e-013, 6.05e-013, 5.98e-013, 5.93e-013, 5.9e-013
13:44:25, 0.309, 3.45, 8.85, 0.995, 8.25, 14.6, 5.71, 8.37, 10.5, 1.54, 6.66, 5.95, 0.473, 4.57, 5.23, 7.04, 0.828, 8.47, 7.02, 2.02, 4.09, 2.62, 1.49, 2.03, 1.84, 1.52, 2.73, 7.15, 11.5, 9.64, 0.334, 1.31, 3.23, 3.4, 3.81, 3.2, 0.875, 0.468, 2.77, 2.87, 0.346, 2.03, 0.804, 0.387, 0.54, 0.0427, 0.461, 0.064, 0.402, 1.91, 4.38, 3.02, 1.62, 0.609, 0.105, 0.34, 0.36, 0.0274, 0.713, 0.661, 0.527, 0.753, 1.14, 3.59, 2.43, 0.279, 2.28, 2.91, 2.54, 1.94, 0.649, 0.16, 0.276, 0.0606, 0.0263, 1.09, 0.704, 0.0962, 0.418, 1.04, 0.341, 1.14, 1.74, 1.49, 0.621, 1.5, 0.297, 0.189, 0.129, 1.04, 1.26, 2.78, 5.16, 1.94, 0.0625, 0.422, 0.551, 1.99, 3.15, 14.9, 17.2, 1.22, 0.00849, 0.0186, 0.174, 0.673, 0.111, 1.85, 0.763, 0.242, 1.18, 1.02, 0.0901, 0.0329, 0.205, 0.526, 0.185, 0.0285, 0.0565, 0.142, 0.017, 0.165, 0.118, 0.0343, 0.0979, 0.0974, 0.0114, 0.0236, 0.0389, 0.0233, 0.0824, 0.121, 0.0144, 0.00394, 0.00122, 0.00763, 0.00645, 0.00284, 0.000144, 0.0015, 0.0074, 0.00128, 0.00317, 0.000743, 0.00201, 0.00985, 0.00816, 0.00165, 0.000955, 0.0078, 0.00562, 0.00134, 0.000649, 0.000158, 3.68e-005, 0.000389, 0.000235, 0.000624, 0.000414, 1.7e-006, 5.03e-005, 7.32e-005, 3.57e-006, 4.49e-005, 3.13e-006, 4.69e-005, 2.42e-005, 2.45e-006, 2.73e-005, 1.83e-005, 2.03e-005, 7.41e-006, 1.12e-005, 2.52e-006, 1.12e-005, 9.56e-006, 4.77e-006, 8.65e-006, 6.07e-008, 4.29e-006, 3.18e-006, 1.02e-007, 1.26e-006, 3.15e-007, 2.88e-006, 9.8e-007, 1.81e-007, 2.21e-006, 1.55e-006, 1.2e-006, 1.47e-007, 1.18e-007, 1.98e-007, 1.32e-007, 8.21e-008, 5.72e-008, 5.64e-008, 1.03e-007, 2.18e-007, 3.42e-007, 7.52e-008, 3.7e-008, 7.8e-008, 5.75e-008, 1.81e-008, 3.23e-008, 3.17e-008, 4.84e-008, 2.05e-008, 2.51e-008, 5.22e-008, 2.65e-008, 5.94e-009, 2.3e-010, 5.67e-010, 1.65e-010, 1.4e-009, 2.03e-009, 2.35e-009, 1.84e-009, 9.58e-012, 9.69e-010, 8.55e-010, 1.42e-010, 4.18e-011, 5.76e-012, 1.31e-011, 1.73e-011, 1.98e-011, 1.49e-011, 2.89e-011, 2.24e-011, 1.05e-012, 1.08e-012, 4.81e-013, 1.64e-012, 1.53e-012, 4.3e-014, 2.09e-013, 1.51e-013, 3.12e-013, 5.94e-014, 2.26e-013, 4.35e-014, 5.58e-014, 3.12e-015, 1.33e-014, 6.51e-015, 7.51e-015, 6.08e-015, 5.32e-015, 4.68e-015, 4.23e-015, 3.8e-015, 3.52e-015, 3.34e-015
13:44:25, 0.651, 1.78, 4.64, 1.34, 7.31, 13, 6.06, 8.82, 7.78, 5.5, 4.74, 2.82, 3.51, 3.96, 0.91, 4.34, 1.16, 6.85, 2.68, 0.132, 1.53, 3.38, 1.08, 1.03, 2.92, 1.08, 4.09, 8.3, 4.79, 8.79, 1.03, 0.0787, 3.75, 6.79, 5.84, 4.08, 0.532, 0.858, 5.4, 4.02, 0.863, 1.4, 0.103, 1.1, 0.692, 0.225, 0.203, 0.162, 0.246, 1.28, 4.35, 1.94, 1.61, 0.608, 0.0334, 0.446, 0.538, 0.285, 0.383, 0.174, 0.136, 0.497, 0.343, 3.1, 2.49, 0.207, 0.924, 2.91, 2.72, 1.17, 0.594, 0.00334, 0.211, 0.189, 0.071, 1.62, 1.29, 0.0575, 0.201, 0.59, 0.801, 0.609, 1.31, 1.39, 0.0188, 1.12, 0.0365, 0.159, 0.0834, 1.19, 0.618, 2.01, 4.1, 0.869, 0.0625, 0.285, 0.289, 2.03, 0.892, 11.6, 19.7, 1.08, 0.126, 0.0764, 0.0921, 0.63, 0.434, 1.62, 0.508, 0.0737, 0.672, 0.804, 0.129, 0.0582, 0.0372, 0.345, 0.107, 0.0211, 0.0146, 0.15, 0.134, 0.107, 0.0559, 0.00843, 0.0732, 0.0899, 0.0279, 0.0273, 0.0501, 0.0167, 0.073, 0.122, 0.00449, 0.00913, 0.00814, 0.00352, 0.00262, 0.00139, 0.000197, 0.00264, 0.00599, 0.000271, 0.00139, 0.00297, 0.00558, 0.0101, 0.0068, 0.0037, 0.000247, 0.0077, 0.00371, 0.00078, 0.000745, 0.000481, 0.000382, 0.00048, 1.7e-006, 0.000171, 0.000379, 3.98e-005, 0.000106, 8.33e-005, 1.89e-005, 4.89e-005, 3.81e-005, 0.000107, 6.63e-005, 2.28e-005, 2.74e-005, 3.32e-005, 3.97e-005, 5.52e-007, 1.23e-005, 4.09e-007, 5.23e-006, 1.83e-005, 1.26e-005, 9.93e-006, 1.57e-006, 2.45e-006, 1.52e-006, 2.3e-007, 7.45e-007, 1.29e-006, 3.02e-006, 1.39e-006, 5.24e-008, 1.57e-006, 7.51e-008, 5.37e-007, 1.11e-007, 1.26e-007, 1.11e-008, 1.02e-007, 6.66e-008, 1.01e-007, 7.89e-008, 1.39e-007, 1.63e-007, 2.25e-007, 1.37e-008, 1.65e-009, 2.45e-008, 3.41e-008, 2.17e-009, 1.85e-008, 2.08e-008, 4.64e-008, 1.05e-008, 1.97e-008, 5.82e-008, 1.35e-008, 3.97e-009, 2.18e-009, 8.01e-010, 3.36e-010, 6.41e-010, 1.05e-009, 2.62e-009, 1.66e-009, 2.41e-010, 8.9e-010, 8.35e-010, 1.1e-011, 4.83e-011, 6.31e-012, 3.77e-012, 2.94e-011, 2.75e-011, 8.92e-012, 1.34e-011, 1.41e-011, 2.89e-012, 8.37e-013, 2.18e-012, 7.77e-013, 1.87e-012, 7.03e-014, 3.48e-014, 7.03e-013, 2.28e-014, 1.55e-013, 3.4e-013, 5.58e-014, 1.9e-013, 1.19e-013, 1.16e-013, 1.21e-013, 1.15e-013, 1.15e-013, 1.17e-013, 1.14e-013, 1.14e-013, 1.14e-013, 1.13e-013, 1.13e-013
13:44:25, 0.000934, 0.62, 2.41, 2.02, 6.84, 9.5, 1.43, 6.7, 3.26, 5.51, 2.99, 0.348, 7.05, 2.75, 0.0426, 2.01, 5.98, 4.85, 1.58, 0.102, 0.349, 2.23, 0.912, 0.771, 3.01, 0.335, 4.62, 7.68, 0.468, 8.14, 2.48, 0.163, 3.89, 7.94, 3.84, 3.79, 0.969, 1.57, 7.27, 5.72, 2.15, 1.18, 0.37, 1.26, 0.878, 0.166, 0.0945, 0.353, 0.199, 0.711, 3.48, 0.419, 1.07, 0.715, 0.104, 0.265, 0.629, 0.555, 0.0526, 0.128, 0.0969, 0.076, 0.0438, 2.56, 3.5, 0.599, 0.198, 1.64, 1.63, 0.297, 0.466, 0.162, 0.169, 0.124, 0.529, 2.58, 2.08, 0.15, 0.114, 0.296, 0.643, 0.163, 0.477, 1, 0.451, 1.06, 0.344, 0.0878, 0.174, 1.32, 0.192, 1.21, 2.28, 0.502, 0.0538, 0.407, 0.0194, 1.32, 1.72, 13.4, 21.5, 1.81, 0.276, 0.0895, 0.142, 0.671, 1.24, 1.03, 0.358, 0.134, 0.198, 0.448, 0.219, 0.0876, 0.015, 0.235, 0.12, 0.0259, 0.0165, 0.177, 0.178, 0.0581, 0.0076, 0.0312, 0.067, 0.0598, 0.0186, 0.0284, 0.0218, 0.0495, 0.126, 0.117, 0.00241, 0.00916, 0.0169, 0.00365, 0.00422, 0.000401, 0.0033, 0.007, 0.00311, 0.00145, 0.000529, 0.00378, 0.0113, 0.00549, 0.0034, 0.00409, 0.0023, 0.00708, 0.00256, 0.000419, 0.000311, 0.000725, 0.00124, 0.000611, 2.58e-005, 9.87e-005, 0.00035, 8.25e-005, 9.55e-005, 0.000104, 4.9e-005, 3.73e-005, 6.22e-005, 0.000183, 0.000144, 5.06e-005, 1.59e-005, 2.42e-005, 6.82e-005, 2.95e-005, 2.66e-005, 1.66e-006, 1.3e-005, 2.45e-005, 1.41e-005, 1.03e-005, 2.88e-006, 1.02e-006, 7.06e-007, 1.41e-008, 4.57e-007, 2.06e-006, 3.68e-006, 2.05e-006, 4.7e-007, 1.79e-006, 4.18e-007, 3.08e-007, 1.16e-008, 2.69e-007, 1.5e-007, 2.47e-007, 1.88e-007, 1.01e-007, 1.3e-007, 8.87e-008, 4.27e-008, 1.65e-007, 2.19e-008, 7.23e-009, 8.51e-010, 3.07e-008, 1.86e-008, 4.91e-009, 7.6e-009, 2.75e-008, 1.43e-008, 2.2e-008, 4.31e-008, 8.05e-009, 2.31e-009, 4.25e-009, 1.22e-009, 3.74e-010, 2.84e-010, 4.61e-011, 2.15e-009, 1.11e-009, 3.69e-010, 6.24e-010, 8.08e-010, 9.39e-011, 7.68e-011, 1e-011, 5.38e-012, 4.12e-011, 2.11e-011, 2.45e-012, 6.49e-013, 1.06e-011, 2.36e-012, 2.57e-012, 1.59e-012, 3.38e-013, 1.53e-012, 2.15e-014, 1.26e-013, 1.48e-013, 2.22e-013, 2.34e-013, 9.18e-014, 1.99e-014, 1.73e-013, 9.62e-014, 7.96e-014, 9.03e-014, 8.97e-014, 8.54e-014, 8.43e-014, 8.36e-014, 8.3e-014, 8.24e-014, 8.19e-014, 8.17e-014
13:44:25, 0.598, 0.217, 1.52, 0.52, 5.38, 6, 0.416, 3.93, 0.175, 3.06, 1.44, 0.555, 8.21, 5.57, 0.77, 4.41, 9.5, 1.43, 2.18, 0.0412, 0.0882, 1.89, 1.13, 0.553, 2.92, 0.728, 4.4, 7.92, 3.11, 6.53, 2.26, 0.657, 4.49, 5.02, 1.16, 2.55, 2.62, 2.04, 6.31, 6.6, 1.53, 1.22, 0.859, 0.86, 0.683, 0.102, 0.045, 0.427, 0.156, 0.685, 2.75, 0.392, 0.447, 0.726, 0.413, 0.0483, 0.642, 0.73, 0.0409, 0.175, 0.11, 0.0552, 0.402, 3.01, 4.07, 0.818, 0.338, 0.589, 0.506, 0.205, 0.406, 0.542, 0.159, 0.083, 1.16, 3.33, 2.17, 0.546, 0.113, 0.27, 0.394, 0.017, 0.0396, 0.907, 0.512, 1.03, 1.14, 0.241, 0.378, 1.68, 0.425, 0.732, 1.02, 0.292, 0.0781, 0.451, 0.3, 0.728, 2.89, 19.2, 21.4, 2.43, 0.267, 0.231, 0.0877, 0.647, 1.42, 0.463, 0.212, 0.182, 0.0275, 0.164, 0.195, 0.139, 0.0929, 0.155, 0.116, 0.0518, 0.0737, 0.189, 0.0905, 0.0398, 0.0129, 0.0606, 0.0414, 0.044, 0.00298, 0.031, 0.00878, 0.0842, 0.174, 0.113, 0.0103, 0.0032, 0.0211, 0.019, 0.014, 0.00832, 0.0124, 0.0149, 0.0013, 0.00389, 0.00143, 0.00727, 0.0146, 0.0011, 0.000436, 0.00386, 0.00347, 0.00491, 0.00351, 0.000804, 0.000184, 0.000924, 0.00193, 0.000773, 0.000108, 0.000228, 0.000381, 1.64e-005, 0.000114, 6e-005, 5.59e-005, 2.3e-005, 4.51e-005, 0.000231, 0.000189, 5.01e-005, 5.84e-006, 8.44e-006, 9.03e-005, 9.4e-005, 5.66e-005, 1.92e-005, 3.43e-005, 2.1e-005, 6.67e-006, 9.19e-006, 1.61e-006, 1.18e-007, 5.1e-007, 7.12e-009, 2.75e-007, 1.57e-006, 3.09e-006, 1.92e-006, 1.46e-006, 2.07e-006, 1.22e-006, 2.74e-007, 1.83e-008, 2.81e-007, 6.05e-007, 6.21e-007, 2.46e-007, 3.34e-008, 1.61e-007, 1.55e-008, 1.23e-010, 1.53e-007, 8.18e-008, 2.73e-008, 7e-009, 4.04e-008, 4.2e-008, 5.17e-009, 1.86e-009, 1.25e-008, 1.54e-008, 2.56e-008, 2.17e-008, 8.34e-009, 4.3e-009, 3.81e-009, 1.09e-009, 4.63e-010, 3.72e-010, 4.75e-010, 2.35e-009, 3.05e-010, 3.46e-010, 1.48e-010, 9.02e-010, 3.18e-010, 8.65e-011, 1.67e-011, 1.29e-011, 3.78e-011, 2.28e-011, 5.79e-012, 4.18e-012, 6.1e-012, 6.26e-014, 5.75e-012, 7.52e-013, 1.47e-014, 8.94e-013, 1.08e-013, 1.87e-013, 2.55e-013, 1.05e-013, 3.95e-014, 1.79e-013, 6e-014, 1.49e-013, 9.83e-014, 8.92e-014, 9.1e-014, 8.69e-014, 9.27e-014, 8.88e-014, 8.9e-014, 8.83e-014, 8.8e-014, 8.77e-014, 8.76e-014
13:44:25, 0.00215, 0.000732, 1.38, 0.46, 3.95, 2.45, 3.68, 2.63, 0.144, 1.64, 0.747, 1.6, 9.04, 9.29, 4.48, 11.3, 11.2, 0.129, 3.03, 1.49, 1.13, 3.92, 2.2, 0.861, 3.07, 1.05, 3.57, 9.37, 5.34, 3.58, 2.42, 0.803, 5.16, 1.13, 0.754, 2.02, 5.22, 0.784, 4.72, 5.34, 0.204, 1.22, 0.445, 0.55, 0.207, 0.197, 0.00452, 0.57, 0.267, 0.586, 2.66, 1, 0.114, 0.497, 0.601, 0.1, 0.667, 1.02, 0.304, 0.141, 0.0689, 0.283, 1.17, 3, 3.18, 0.956, 0.363, 0.439, 0.333, 0.637, 0.228, 0.78, 0.427, 0.0846, 1.28, 3.66, 1.04, 0.903, 0.274, 0.219, 0.383, 0.166, 0.196, 0.934, 0.0853, 1.04, 1.55, 0.803, 1.36, 2.58, 0.303, 0.717, 0.418, 0.117, 0.255, 0.33, 0.485, 0.655, 1.71, 23.2, 19.7, 1.15, 0.578, 0.131, 0.0578, 0.417, 1.21, 0.0909, 0.0184, 0.242, 0.143, 0.0348, 0.145, 0.096, 0.143, 0.0545, 0.0852, 0.0341, 0.116, 0.152, 0.0217, 0.0181, 0.0423, 0.0748, 0.00528, 0.0442, 0.044, 0.0556, 0.031, 0.0556, 0.167, 0.0968, 0.00922, 0.000749, 0.0179, 0.0482, 0.0336, 0.0151, 0.0168, 0.0278, 0.00802, 0.00769, 0.00525, 0.0135, 0.0167, 0.000623, 0.000308, 0.00403, 0.00145, 0.00319, 0.00415, 0.000959, 0.000465, 0.00136, 0.002, 0.000465, 0.000305, 0.000432, 0.000307, 5.25e-005, 0.000156, 1.28e-005, 5.35e-005, 1.25e-005, 3e-005, 0.000214, 0.000147, 2.83e-005, 2.02e-006, 5.19e-006, 0.000103, 0.00013, 6.69e-005, 4.35e-005, 5.48e-005, 2.06e-005, 5.24e-006, 5.36e-006, 5.75e-007, 2.3e-007, 9.09e-007, 1.8e-007, 7.38e-007, 2.9e-007, 2.41e-006, 6.5e-007, 2.12e-006, 1.33e-006, 1.65e-006, 4.91e-007, 9.9e-010, 4.17e-007, 9.91e-007, 8.47e-007, 2.87e-007, 2.57e-008, 1.45e-007, 2.09e-008, 2.1e-008, 1.95e-007, 1.97e-007, 5.68e-008, 1.8e-008, 4.09e-008, 6.2e-008, 1.12e-008, 4.21e-010, 5.81e-009, 6.23e-009, 1.67e-008, 9.98e-009, 3.76e-009, 1.05e-008, 1.93e-009, 9.17e-010, 3.71e-010, 7.69e-010, 2.28e-009, 3.29e-009, 4.09e-010, 2.28e-010, 1.08e-010, 8.46e-010, 4.68e-010, 4.88e-011, 2.79e-011, 6.11e-012, 3.19e-011, 2.67e-011, 2.26e-011, 1.27e-011, 1.25e-011, 2.84e-012, 1.54e-012, 5e-012, 2.97e-013, 1.15e-012, 6.52e-013, 6.12e-013, 6.52e-013, 7.58e-013, 8.53e-013, 3.89e-013, 6.03e-013, 6.3e-013, 5.53e-013, 5.61e-013, 5.41e-013, 5.6e-013, 5.31e-013, 5.38e-013, 5.35e-013, 5.31e-013, 5.29e-013, 5.28e-013, 5.27e-013
13:44:25, 1.12, 0.254, 1.42, 2.95, 3.84, 0.0853, 5.88, 3.78, 0.0418, 2.66, 2.11, 3.37, 7.49, 7.93, 9.66, 14.8, 11.9, 2.92, 2.85, 3.35, 4.6, 7.81, 4.43, 3.03, 3.64, 0.157, 2.01, 8.49, 5.21, 1.31, 5.15, 3.54, 5.51, 0.000851, 0.62, 2.78, 7.42, 0.787, 4.14, 2.85, 0.347, 1.18, 0.0476, 0.512, 0.0499, 0.569, 0.197, 1.23, 0.721, 1.14, 2.52, 0.755, 0.0714, 0.498, 0.391, 0.213, 0.907, 0.863, 0.588, 0.178, 0.0873, 0.467, 1.88, 1.68, 1.71, 1.05, 0.195, 0.887, 0.961, 0.956, 0.0641, 0.813, 1.51, 0.282, 2.13, 3.48, 0.0516, 0.849, 0.407, 0.0718, 0.364, 0.505, 0.447, 0.749, 0.383, 1.27, 0.825, 1.43, 2.81, 2.98, 0.665, 1.04, 0.509, 0.119, 0.117, 0.303, 0.175, 0.676, 1.33, 23.1, 17.4, 0.125, 0.596, 0.0493, 0.0274, 0.336, 1.19, 0.0713, 0.0603, 0.403, 0.562, 0.232, 0.22, 0.00283, 0.198, 0.00128, 0.0633, 0.00246, 0.106, 0.104, 0.00259, 0.00207, 0.0515, 0.0659, 0.0166, 0.0543, 0.0951, 0.0887, 0.0616, 0.00695, 0.123, 0.0729, 0.000977, 0.00254, 0.0213, 0.0579, 0.0513, 0.0142, 0.0113, 0.0411, 0.0216, 0.00889, 0.00684, 0.0155, 0.0197, 0.00421, 0.00221, 0.00328, 0.00115, 0.00273, 0.00355, 0.000362, 0.000744, 0.0013, 0.00168, 8.4e-005, 0.000565, 0.000533, 9.71e-005, 0.00022, 0.000271, 6.43e-005, 3.99e-005, 1.23e-005, 2.88e-005, 0.000145, 8.73e-005, 4.47e-006, 1.28e-005, 1.66e-005, 0.000119, 8.06e-005, 5.18e-005, 3.7e-005, 5.36e-005, 3.66e-005, 1.3e-005, 3.53e-006, 1.91e-007, 7.97e-007, 1.17e-006, 1.62e-006, 2.24e-006, 1.23e-006, 2.77e-006, 3.23e-007, 1.82e-006, 2.48e-007, 1.48e-006, 7.87e-007, 1.37e-007, 7.19e-007, 8.07e-007, 6.72e-007, 3.51e-007, 8.08e-008, 1.05e-007, 6.89e-008, 7.77e-008, 2.58e-007, 2.22e-007, 9.81e-008, 1.45e-008, 3.65e-008, 8.1e-008, 1.21e-008, 1e-009, 2.47e-009, 2.95e-010, 6.72e-009, 4.94e-009, 1.14e-009, 1.53e-008, 4.41e-009, 1.93e-009, 1.13e-010, 1.92e-009, 4.65e-009, 3.17e-009, 1.07e-009, 3.35e-010, 2.78e-010, 6.27e-010, 4.03e-010, 2.12e-011, 1.36e-011, 2.01e-012, 1.89e-011, 2.18e-011, 2.38e-011, 3.61e-011, 1.53e-011, 7.58e-013, 2.74e-012, 3.57e-012, 4.28e-013, 2.18e-013, 3.51e-013, 4.72e-014, 1.44e-013, 8.05e-014, 4.02e-013, 7.92e-014, 8.91e-014, 1.03e-013, 8.57e-014, 9.1e-014, 8.74e-014, 7.48e-014, 8.37e-014, 7.66e-014, 7.58e-014, 7.46e-014, 7.36e-014, 7.29e-014, 7.24e-014
13:44:25, 0.106, 0.106, 2.36, 3.25, 4.05, 2.04, 7.14, 3.23, 1.25, 5.76, 6.29, 4.82, 3.33, 3.43, 9.47, 11.7, 8.29, 6.81, 1.92, 2.9, 10.5, 8.95, 4.69, 6.78, 4.25, 0.227, 0.372, 5.38, 6, 2.96, 7.97, 9.25, 7.57, 0.83, 0.0789, 3.47, 8.08, 4.34, 3.01, 0.981, 1.01, 1.36, 0.711, 0.621, 0.404, 0.921, 1.1, 1.92, 1.46, 2.47, 2.15, 0.156, 0.364, 0.452, 0.406, 0.137, 1.46, 0.234, 0.764, 0.422, 0.176, 0.33, 1.77, 0.926, 1.01, 1.24, 0.302, 1.2, 1.66, 0.809, 0.106, 0.89, 2.95, 1.84, 4.3, 3, 0.149, 0.608, 0.267, 0.0365, 0.242, 1.15, 0.442, 0.41, 1.44, 1.53, 0.107, 1.43, 3.57, 1.9, 1.33, 1.85, 1.12, 0.153, 0.0403, 0.239, 0.0524, 0.546, 2.49, 19.7, 16.1, 0.653, 0.194, 0.131, 0.0455, 0.486, 1.45, 0.402, 0.198, 0.521, 1.02, 0.736, 0.356, 0.103, 0.24, 0.105, 0.0663, 0.00409, 0.0596, 0.0872, 0.00178, 0.00328, 0.0382, 0.0337, 0.045, 0.0769, 0.0743, 0.0972, 0.0612, 0.00804, 0.0821, 0.0478, 0.00201, 0.00808, 0.0251, 0.0375, 0.0463, 0.0146, 0.0106, 0.0437, 0.0263, 0.00609, 0.00416, 0.00916, 0.0192, 0.00982, 0.00336, 0.00152, 0.00204, 0.0041, 0.00229, 7.82e-006, 0.000644, 0.000511, 0.00131, 0.000513, 0.000728, 0.000402, 3.09e-006, 0.000328, 0.000461, 0.000167, 1.4e-005, 1.65e-005, 1.23e-005, 9.14e-005, 4.19e-005, 7.12e-006, 3.73e-005, 6.43e-005, 0.00011, 2.03e-005, 1.81e-005, 1.43e-005, 3.07e-005, 5.49e-005, 1.91e-005, 2.55e-006, 6.16e-007, 9.29e-007, 7.01e-007, 3.76e-006, 5.57e-006, 5.63e-006, 4.13e-006, 1.4e-006, 1.06e-006, 1.16e-007, 1.25e-006, 5.33e-007, 4.39e-007, 1.12e-006, 2.62e-007, 3.82e-007, 3.23e-007, 7.57e-008, 5.91e-008, 7.74e-008, 1.33e-007, 2.51e-007, 1.25e-007, 1.01e-007, 2.93e-008, 5.48e-008, 8.65e-008, 9.65e-009, 2.49e-009, 1.1e-009, 5.25e-010, 6.69e-009, 1.33e-009, 3.96e-009, 2.02e-008, 1.1e-008, 3.02e-009, 1.22e-009, 3.73e-009, 5.74e-009, 1.52e-009, 1.41e-009, 4.49e-010, 1.24e-010, 5e-010, 1.79e-010, 3.03e-011, 1.05e-011, 4.61e-012, 1.48e-011, 7.39e-012, 1.25e-011, 5.23e-011, 1.78e-011, 3.79e-013, 6.12e-012, 7.44e-013, 1.29e-012, 2.12e-013, 5.12e-013, 6.84e-014, 2.92e-013, 4.11e-013, 1.37e-014, 4.02e-013, 1.62e-013, 1.52e-013, 1.78e-013, 1.72e-013, 1.52e-013, 1.67e-013, 1.49e-013, 1.54e-013, 1.5e-013, 1.49e-013, 1.47e-013, 1.46e-013, 1.46e-013
13:44:25, 0.298, 0.284, 4.2, 1.6, 4.02, 8.75, 7.44, 0.816, 3.48, 11.3, 10.5, 2.61, 0.871, 0.632, 4.04, 6.3, 2.42, 7.32, 1.82, 2.69, 15.1, 6.2, 2.46, 7.61, 6.06, 0.993, 0.224, 2.16, 6.85, 6.63, 7.38, 10.1, 10.6, 3.59, 0.573, 3.09, 6.3, 6.71, 1.55, 0.233, 0.5, 1.89, 1.29, 0.707, 0.643, 0.813, 2.17, 2.13, 1.09, 3.59, 2.47, 0.228, 0.627, 0.229, 0.421, 0.555, 2.27, 0.41, 1.07, 0.566, 0.168, 0.101, 0.989, 1.71, 1.86, 1.41, 0.44, 0.96, 1.54, 0.655, 0.0839, 1.37, 3.27, 3.67, 5.62, 3.17, 0.115, 0.691, 0.421, 0.139, 0.535, 1.58, 0.512, 0.443, 2.14, 1.53, 0.0884, 0.956, 3.07, 0.58, 1.21, 2.24, 1.72, 0.295, 0.0651, 0.12, 0.342, 0.88, 1.64, 14.9, 15.6, 0.924, 0.144, 0.232, 0.0505, 0.496, 1.68, 0.897, 0.181, 0.446, 1.16, 0.959, 0.515, 0.165, 0.254, 0.316, 0.116, 0.00677, 0.0655, 0.104, 0.00159, 8.39e-005, 0.0456, 0.00494, 0.0677, 0.0777, 0.0234, 0.0554, 0.0464, 0.0335, 0.0481, 0.0273, 0.00648, 0.0092, 0.0215, 0.01, 0.0253, 0.0178, 0.0189, 0.032, 0.0161, 0.00339, 0.00197, 0.00129, 0.0153, 0.0117, 0.00234, 0.000314, 0.00187, 0.00471, 0.00175, 3.02e-005, 0.000368, 0.000149, 0.0012, 0.00175, 0.000637, 0.00017, 0.000148, 0.000357, 0.000443, 0.000286, 1.69e-005, 4.15e-005, 4.46e-005, 5.57e-005, 1.61e-005, 3.6e-005, 4.07e-005, 0.000129, 9.51e-005, 4.94e-007, 1.8e-008, 7.42e-006, 2.11e-005, 4.6e-005, 1.83e-005, 1.52e-006, 1.04e-006, 1.45e-006, 4.33e-007, 5.37e-006, 7.4e-006, 9.39e-006, 6.16e-006, 1.13e-006, 7.22e-007, 6.74e-007, 9.37e-007, 2.3e-007, 6.05e-007, 1.5e-006, 1.65e-007, 1.96e-007, 1.66e-007, 2.63e-008, 4.34e-008, 2.86e-008, 1.27e-007, 1.56e-007, 3.28e-008, 6.22e-008, 7.5e-008, 7.59e-008, 6.42e-008, 1.83e-008, 8.99e-009, 1.08e-008, 8.78e-009, 1.49e-008, 2e-009, 7.43e-009, 2.45e-008, 1.42e-008, 2.62e-009, 2.03e-009, 6.11e-009, 4.61e-009, 1.89e-010, 1.03e-009, 4.8e-010, 3.34e-011, 3.39e-010, 4.99e-011, 2.81e-011, 1.65e-011, 7.31e-012, 1.26e-011, 7.37e-013, 2.07e-012, 3.83e-011, 3.6e-011, 6.1e-012, 1.4e-012, 7.76e-013, 1.53e-012, 3.19e-013, 4.75e-013, 3.63e-013, 2.1e-013, 1.38e-013, 6.81e-013, 2.07e-013, 3.04e-013, 1.88e-013, 2.76e-013, 2.25e-013, 2.36e-013, 2.16e-013, 2.22e-013, 2.14e-013, 2.12e-013, 2.09e-013, 2.07e-013, 2.05e-013, 2.04e-013
13:44:26, 0.051, 0.492, 7.32, 4.23, 7.42, 12.7, 5.38, 0.36, 3.93, 18.7, 10.2, 0.43, 0.157, 0.0889, 0.873, 2.9, 0.454, 5.69, 1.6, 3.86, 17.1, 4.01, 1.31, 3.5, 8.37, 2.32, 0.478, 0.971, 5.26, 6.35, 4.04, 5.16, 10.7, 5.94, 2.68, 2.02, 2.91, 5.99, 0.567, 0.0176, 0.116, 1.95, 1.3, 0.373, 0.691, 0.28, 2.54, 1.73, 0.174, 3.45, 3.47, 0.961, 0.572, 0.00953, 0.413, 0.925, 3.09, 2.38, 1.37, 0.285, 0.108, 0.0169, 0.413, 2.61, 3.26, 1.28, 0.184, 0.624, 0.626, 0.995, 0.21, 1.72, 2.17, 3.15, 4.59, 3.14, 0.202, 1.17, 1.38, 0.71, 0.858, 1.25, 1.02, 0.638, 1.72, 1.48, 0.172, 0.674, 2.09, 0.243, 0.747, 1.43, 1.67, 0.705, 0.0652, 0.168, 0.6, 0.862, 0.123, 10.8, 13.7, 1.01, 0.204, 0.401, 0.00932, 0.493, 1.31, 1.21, 0.115, 0.385, 0.865, 0.535, 0.638, 0.0685, 0.252, 0.479, 0.139, 0.0178, 0.104, 0.174, 0.0221, 0.0109, 0.051, 0.0337, 0.0997, 0.0576, 0.00516, 0.0175, 0.0268, 0.0318, 0.0219, 0.0147, 0.00693, 0.00646, 0.0126, 0.00109, 0.0143, 0.00914, 0.0261, 0.0146, 0.00426, 0.00376, 0.00174, 0.000468, 0.0121, 0.00822, 0.000885, 0.00023, 0.00115, 0.00334, 0.00192, 1.09e-005, 0.00042, 0.000524, 0.00154, 0.00259, 0.000555, 7.44e-005, 0.00039, 0.000306, 0.00018, 0.000385, 9.89e-005, 8.24e-005, 0.000131, 7.78e-005, 3.01e-005, 4.9e-005, 2.03e-005, 0.00015, 0.000116, 1.16e-005, 1.18e-005, 1.83e-005, 3.44e-005, 1.66e-005, 1.36e-005, 1.3e-006, 8.43e-007, 2.89e-006, 3e-006, 4.93e-006, 4.65e-006, 9.1e-006, 6.19e-006, 5.5e-007, 8.61e-007, 4.48e-007, 7.95e-007, 3.39e-007, 6.69e-007, 1.61e-006, 5.92e-007, 1.36e-007, 4.54e-008, 1.17e-007, 8.61e-008, 2.76e-008, 4.55e-008, 9.36e-008, 2.1e-008, 2.5e-008, 9.37e-008, 7.11e-008, 2.3e-008, 3.41e-008, 3.06e-008, 4.42e-008, 3.67e-008, 2.1e-008, 4.23e-009, 9.93e-009, 2.12e-008, 1.16e-008, 9.9e-010, 1.92e-009, 5.99e-009, 3.45e-009, 1.15e-010, 4.23e-010, 3.99e-010, 2.63e-010, 2.43e-010, 4.63e-013, 1.31e-011, 1.86e-011, 4.1e-012, 8.52e-012, 1.6e-012, 1.98e-013, 4.21e-011, 3.72e-011, 6.8e-012, 1.3e-012, 1.76e-013, 9.91e-013, 2.6e-013, 3.36e-014, 8.56e-014, 7.93e-014, 4.26e-016, 2.69e-013, 5.83e-014, 2.75e-014, 8.38e-014, 3.2e-014, 4.48e-014, 3.75e-014, 3.46e-014, 3.47e-014, 3.19e-014, 3.06e-014, 2.89e-014, 2.81e-014, 2.74e-014, 2.7e-014
13:44:26, 0.214, 1.47, 9.24, 15.9, 15.7, 5.93, 5.03, 0.133, 4.39, 23.2, 9.41, 0.14, 0.416, 0.239, 0.0725, 2.18, 4.3, 3.3, 0.884, 4.01, 16.3, 7.16, 1.12, 1.06, 7.23, 4.5, 1.06, 1.75, 2.2, 3.05, 1.11, 1.54, 6.82, 5, 4.22, 0.951, 1.28, 4.29, 0.493, 0.113, 0.0281, 2.09, 1.24, 0.255, 0.563, 0.174, 2.33, 0.94, 0.0287, 2.69, 4.27, 0.811, 0.625, 0.206, 0.331, 0.526, 3.33, 4.85, 1.52, 0.0138, 0.163, 0.025, 0.429, 2.23, 3.55, 1.04, 0.0679, 0.395, 0.216, 1.73, 1.02, 0.999, 0.894, 1.13, 2.15, 2.2, 1.06, 1.29, 2.34, 2.18, 0.623, 0.854, 1.69, 0.236, 1.14, 1.07, 0.153, 0.604, 1.25, 0.531, 0.587, 0.287, 1.08, 0.822, 0.261, 0.355, 0.603, 0.268, 0.149, 9.05, 11.5, 0.581, 0.415, 0.775, 0.148, 0.402, 0.569, 1.13, 0.161, 0.375, 0.57, 0.115, 0.517, 0.0741, 0.264, 0.463, 0.135, 0.00664, 0.18, 0.319, 0.062, 0.00978, 0.052, 0.113, 0.126, 0.0377, 0.0171, 0.0122, 0.0206, 0.0216, 0.0114, 0.0238, 0.0154, 0.00799, 0.0173, 0.0163, 0.00951, 0.0012, 0.0191, 0.00568, 0.000339, 0.00344, 0.00209, 0.00222, 0.0109, 0.00648, 0.000395, 0.00146, 0.000275, 0.00216, 0.00173, 8.59e-005, 0.000502, 0.000909, 0.00148, 0.0025, 0.000687, 0.000117, 0.000378, 0.000279, 7.02e-005, 0.000379, 0.000146, 9.52e-005, 0.000189, 0.000141, 7.04e-005, 4.34e-005, 2.75e-006, 0.000138, 0.000131, 3.01e-005, 2.09e-005, 3.66e-005, 4.35e-005, 1.43e-006, 9.9e-006, 1.2e-006, 7.09e-007, 4.56e-006, 7.1e-006, 3.36e-006, 1.48e-006, 5.78e-006, 3e-006, 2.29e-006, 2.07e-006, 2.09e-007, 9.53e-007, 4.92e-007, 6.3e-007, 1.42e-006, 7.35e-007, 1.48e-007, 9.78e-008, 3.28e-007, 2.86e-007, 2.27e-007, 6.23e-008, 1.15e-007, 4.29e-008, 9.3e-009, 6.43e-008, 4.43e-008, 1.01e-009, 3.48e-008, 5.19e-008, 8e-008, 7.61e-008, 1.94e-008, 3.21e-009, 1.1e-008, 9.82e-009, 7.44e-009, 2.9e-010, 6.81e-010, 4.19e-009, 2.72e-009, 2.03e-010, 3.18e-010, 8.45e-011, 6.51e-010, 3.42e-010, 3.48e-011, 6.61e-012, 9.52e-012, 2.9e-012, 3.81e-012, 5.33e-012, 1.35e-011, 5.18e-011, 3.24e-011, 1.51e-012, 3.73e-012, 1.61e-013, 1.94e-012, 8.18e-013, 1.46e-013, 1.9e-013, 4.51e-013, 8.12e-013, 8.45e-014, 2.65e-013, 2.67e-013, 3.26e-013, 1.95e-013, 2.52e-013, 2.34e-013, 2.22e-013, 2.2e-013, 2.08e-013, 2.1e-013, 2.04e-013, 2.02e-013, 2e-013, 1.99e-013
13:44:26, 2.93, 4.98, 5.05, 32.3, 31.1, 0.295, 8.25, 0.274, 6.34, 20.3, 10.6, 0.928, 0.523, 0.438, 0.543, 3.54, 8.33, 1.87, 0.327, 1.6, 15.3, 9.56, 1.27, 1.6, 4.74, 3.54, 2.5, 3.41, 0.439, 1.44, 0.267, 0.869, 3.61, 1.43, 3.66, 0.929, 1.19, 2.64, 1.2, 0.365, 0.313, 2.46, 1.91, 0.557, 0.25, 0.683, 1.61, 0.771, 0.0278, 2.51, 4.81, 0.0474, 1, 0.587, 0.125, 0.15, 2.39, 5.86, 1.91, 0.0793, 0.0974, 0.19, 0.904, 0.83, 2.64, 1.33, 0.0265, 0.416, 1.1, 2.53, 1.46, 0.19, 0.224, 0.245, 0.517, 1.01, 1.63, 0.801, 2.14, 3.47, 0.957, 1.15, 1.82, 0.0641, 0.851, 0.343, 0.264, 0.703, 0.736, 0.324, 0.511, 0.0137, 0.469, 0.385, 0.553, 0.828, 0.0868, 0.272, 0.131, 9.96, 11.4, 0.0385, 1.16, 0.677, 0.449, 0.278, 0.129, 1.01, 0.14, 0.415, 0.679, 0.259, 0.193, 0.18, 0.344, 0.25, 0.114, 0.0114, 0.304, 0.483, 0.102, 0.000764, 0.0381, 0.169, 0.127, 0.0119, 0.0268, 0.0223, 0.0315, 0.0226, 0.0194, 0.0389, 0.0359, 0.0302, 0.0357, 0.0319, 0.00576, 0.00255, 0.0113, 0.00376, 0.000131, 0.00225, 0.00141, 0.00232, 0.008, 0.00715, 0.00199, 0.00179, 0.000178, 0.00186, 0.00214, 2.22e-005, 0.00114, 0.000693, 0.000942, 0.00173, 0.000697, 0.000174, 0.000165, 0.000401, 0.000228, 0.000227, 0.000112, 4.17e-005, 0.000185, 0.000165, 6.82e-005, 3.26e-005, 1.75e-005, 0.000105, 0.000108, 2.56e-005, 2.4e-005, 3.19e-005, 4.16e-005, 1.33e-005, 1.19e-005, 3.21e-007, 6.14e-007, 4.88e-006, 9.43e-006, 2.01e-006, 1.22e-006, 3.46e-006, 2.42e-007, 6.03e-006, 4.96e-006, 1.55e-006, 8.45e-007, 3.95e-007, 2.73e-007, 1.13e-006, 3.42e-007, 2.04e-007, 1.58e-007, 4.2e-007, 6.67e-007, 4.96e-007, 2.45e-007, 2e-007, 5.02e-008, 9.49e-009, 3.12e-008, 1.82e-008, 8.56e-009, 2.69e-008, 3.38e-008, 9.13e-008, 9.18e-008, 1.81e-008, 1.67e-009, 7.72e-009, 1.58e-009, 3.71e-009, 1.04e-009, 1.02e-010, 2.46e-009, 2.67e-009, 5.58e-011, 4.4e-010, 1.08e-010, 7.05e-010, 5.97e-010, 1.17e-010, 4.39e-011, 2.58e-011, 9.14e-012, 1.93e-012, 1.53e-011, 2.74e-011, 4.64e-011, 2.4e-011, 7.82e-013, 1.72e-012, 2.44e-012, 8.32e-013, 6.21e-013, 3.61e-013, 5.19e-013, 3.34e-013, 1.24e-013, 2.52e-013, 3.38e-014, 7.97e-014, 7.96e-014, 4.51e-014, 6.9e-014, 5.6e-014, 5.86e-014, 5.61e-014, 5.74e-014, 5.63e-014, 5.54e-014, 5.52e-014, 5.49e-014, 5.48e-014
13:44:26, 0.518, 7.41, 0.0351, 51.7, 62.8, 15, 13.9, 3.14, 3.33, 15.5, 10.5, 0.746, 1.05, 0.505, 0.744, 6.67, 10.3, 1.38, 0.121, 1.44, 14, 6.74, 1.42, 2.5, 2.34, 1.04, 3.14, 3.28, 1.93, 1.9, 0.184, 1.38, 2.1, 0.299, 2.56, 0.493, 1.29, 0.876, 1.94, 1.02, 0.862, 1.88, 3.02, 0.901, 0.0293, 1.03, 0.861, 0.478, 0.0678, 2.9, 5.55, 0.813, 1.11, 0.6, 0.0684, 0.081, 1.21, 4.69, 2.58, 0.297, 0.016, 0.647, 1.51, 0.0203, 1.76, 1.62, 0.105, 0.855, 2.64, 2.63, 0.818, 0.0869, 0.205, 0.326, 0.236, 0.72, 1.26, 0.238, 0.954, 3.48, 2.07, 1.47, 1.34, 0.606, 0.679, 0.0238, 0.262, 0.721, 0.513, 0.121, 0.459, 0.151, 0.118, 0.102, 0.539, 1.34, 0.188, 0.534, 0.478, 12.1, 13.3, 1.28, 0.961, 0.499, 0.367, 0.213, 0.21, 0.967, 0.193, 0.53, 1.04, 0.575, 0.0482, 0.204, 0.336, 0.0819, 0.0385, 0.104, 0.392, 0.531, 0.144, 0.00436, 0.0125, 0.173, 0.112, 0.000124, 0.0173, 0.0279, 0.0309, 0.021, 0.0204, 0.0437, 0.0445, 0.0391, 0.06, 0.0327, 0.00251, 0.00491, 0.00506, 0.00506, 0.000372, 0.00352, 0.000111, 0.000877, 0.00478, 0.00527, 0.00357, 0.00133, 0.00036, 0.00226, 0.00308, 0.000719, 0.00223, 0.000701, 0.000892, 0.000775, 0.00037, 0.000198, 0.000142, 0.000497, 0.000343, 8.84e-005, 4.71e-005, 7.5e-007, 0.000166, 0.000106, 2.74e-005, 2.77e-005, 1.61e-005, 7.47e-005, 6.19e-005, 6.08e-006, 1.67e-005, 1.22e-005, 2.68e-005, 4.1e-005, 2.16e-005, 1.9e-006, 1.97e-007, 6.19e-006, 7.57e-006, 1.32e-006, 1.81e-006, 2.51e-006, 1.42e-006, 8.26e-006, 8.76e-006, 3e-006, 4.69e-007, 1.84e-007, 6.55e-008, 9.07e-007, 7.21e-008, 2e-007, 9.77e-008, 3.55e-007, 9.45e-007, 5.32e-007, 3.37e-007, 3.1e-007, 5.66e-008, 5.68e-009, 2.24e-008, 2.74e-009, 3.23e-008, 1.18e-008, 9.71e-009, 5.9e-008, 7.62e-008, 1.72e-008, 3.31e-009, 3.91e-009, 1.18e-010, 1.98e-009, 5.18e-010, 1.64e-010, 2.56e-009, 2.95e-009, 5.21e-010, 6.19e-010, 3.35e-010, 4.52e-010, 6.73e-010, 2.7e-010, 7.7e-011, 4.7e-011, 3.66e-011, 2.77e-011, 2.5e-011, 1.45e-011, 4.53e-011, 1.38e-011, 5.22e-013, 2.1e-012, 4.53e-012, 1.37e-013, 8.15e-013, 1.09e-012, 6.15e-013, 3.04e-013, 3.22e-013, 4.73e-014, 1.28e-014, 1.17e-014, 6.65e-015, 8.93e-015, 7.6e-015, 7.35e-015, 7.41e-015, 7.05e-015, 7.28e-015, 7e-015, 7.1e-015, 7.04e-015, 7.05e-015, 7.03e-015
13:44:26, 0.849, 10.1, 10.3, 78.4, 100, 37.1, 14.9, 7.14, 0.182, 12.1, 9.7, 0.0384, 1.67, 0.583, 0.648, 9.88, 10.4, 1.07, 0.193, 2.83, 12.1, 3.78, 0.863, 2.02, 0.881, 0.0639, 2.15, 1.5, 3.74, 3.63, 0.988, 1.19, 1.14, 2.18, 2.61, 0.0758, 0.814, 0.0817, 1.67, 2.05, 0.665, 1.07, 3.04, 1.15, 0.245, 1.1, 0.148, 0.207, 0.215, 3.22, 6.25, 2.21, 0.756, 0.306, 0.137, 0.0266, 0.464, 3.01, 2.1, 0.564, 0.303, 1.37, 1.64, 0.618, 1.26, 1.02, 0.722, 1.51, 3.11, 1.94, 0.133, 0.457, 0.537, 0.204, 0.255, 1.47, 1.17, 0.218, 0.0522, 3.08, 2.19, 0.985, 0.861, 0.584, 0.807, 0.15, 0.112, 0.431, 0.67, 0.271, 0.311, 0.268, 0.00552, 0.138, 0.645, 1.66, 0.841, 0.615, 1.41, 13.3, 15.9, 2.15, 0.495, 0.191, 0.254, 0.145, 0.296, 1.02, 0.382, 0.573, 1.18, 0.557, 0.123, 0.26, 0.188, 0.0228, 0.00647, 0.196, 0.365, 0.321, 0.236, 0.0382, 0.0321, 0.126, 0.0877, 0.0201, 0.00332, 0.0248, 0.0144, 0.0138, 0.0057, 0.0371, 0.0312, 0.0227, 0.0652, 0.0249, 0.000531, 0.00524, 0.000825, 0.00729, 0.00725, 0.00685, 0.000557, 5.58e-005, 0.00224, 0.00217, 0.00234, 0.0015, 5.95e-005, 0.00352, 0.00317, 0.00148, 0.003, 0.00183, 0.00103, 0.000252, 6.39e-005, 0.000282, 0.000314, 0.000418, 0.000205, 7.87e-005, 4.01e-005, 5.7e-005, 0.000109, 5.54e-005, 3.9e-006, 1.59e-005, 3.05e-006, 4.13e-005, 3.24e-005, 1.08e-007, 3.89e-006, 2.41e-006, 1.46e-005, 4.69e-005, 3.88e-005, 1.14e-005, 3.77e-006, 4.37e-006, 5.76e-006, 4.67e-007, 2.28e-006, 1.39e-006, 2.73e-006, 8.8e-006, 9.24e-006, 2.87e-006, 2.92e-007, 1.07e-007, 4.61e-007, 7.47e-007, 1.17e-007, 1.51e-007, 6.68e-008, 3.35e-007, 8.24e-007, 3.18e-007, 2.06e-007, 3.53e-007, 1.02e-007, 5.61e-009, 4.43e-008, 2.62e-008, 4.6e-008, 2.11e-009, 9.7e-010, 2.64e-008, 4.05e-008, 1.42e-008, 3.36e-009, 2.49e-009, 8.3e-010, 1.64e-009, 9.48e-011, 1.26e-009, 3.35e-009, 2.55e-009, 1.18e-009, 5.21e-010, 5.05e-010, 9.08e-011, 5.4e-010, 3.61e-010, 3.75e-011, 6.64e-011, 6.86e-011, 7.69e-011, 2e-011, 3.43e-013, 4.43e-011, 8.19e-012, 1.54e-012, 6.02e-012, 4.08e-012, 1.75e-012, 8.18e-013, 2.55e-012, 4.38e-013, 1.21e-012, 5.67e-014, 4.99e-013, 3.68e-013, 3.28e-013, 2.72e-013, 3.28e-013, 2.63e-013, 2.83e-013, 2.64e-013, 2.66e-013, 2.56e-013, 2.51e-013, 2.48e-013, 2.45e-013, 2.43e-013, 2.42e-013
13:44:26, 5.53, 17.9, 34, 91.2, 107, 39.1, 10.3, 5.74, 1.8, 12.9, 9.19, 0.541, 1.5, 0.794, 1.16, 10.7, 9.63, 0.384, 0.291, 3.04, 9.92, 2.85, 0.618, 0.857, 0.298, 0.538, 1.26, 0.0297, 4.54, 4.34, 1.84, 1.25, 0.202, 4.66, 3.58, 0.837, 0.283, 0.0572, 1.23, 2.03, 0.441, 0.705, 2.38, 0.673, 0.792, 1.36, 0.0922, 0.159, 0.223, 2.92, 6, 1.9, 0.465, 0.0244, 0.196, 0.0668, 0.0633, 1.86, 1.15, 0.426, 1.23, 1.96, 0.893, 1.45, 0.907, 0.278, 1.3, 1.48, 2.07, 1.19, 0.0481, 0.748, 0.975, 0.196, 0.338, 2, 1.69, 0.543, 0.403, 2.69, 1.24, 0.328, 0.521, 0.196, 0.928, 0.368, 0.066, 0.323, 0.829, 0.307, 0.106, 0.268, 0.12, 0.334, 1.07, 1.34, 1.03, 0.963, 0.763, 13, 17.4, 1.16, 0.339, 0.154, 0.286, 0.26, 0.458, 1.12, 0.228, 0.577, 0.909, 0.235, 0.256, 0.298, 0.113, 0.00337, 0.044, 0.185, 0.211, 0.0797, 0.265, 0.151, 0.13, 0.047, 0.0601, 0.0494, 0.0058, 0.0285, 0.00498, 0.0112, 0.000495, 0.0183, 0.021, 0.00904, 0.0508, 0.0136, 0.00155, 0.00513, 0.00454, 0.0137, 0.0219, 0.012, 0.00203, 0.000699, 0.000606, 0.000365, 0.000897, 0.00097, 0.000694, 0.00542, 0.00249, 0.00106, 0.00326, 0.00241, 0.000832, 0.000137, 5.73e-005, 0.0002, 0.000532, 0.000242, 5.98e-005, 0.00013, 7.49e-005, 0.000111, 3.85e-005, 4.82e-005, 1.19e-005, 4.07e-006, 1.68e-006, 1.68e-005, 2.21e-005, 1.76e-006, 1.02e-006, 4.03e-006, 1.46e-005, 2.14e-005, 5.05e-005, 2.61e-005, 1.09e-005, 1.47e-006, 5.31e-006, 3.51e-006, 2.15e-006, 3.89e-007, 1.9e-006, 6.95e-006, 5.73e-006, 1.62e-006, 3.13e-007, 2.51e-007, 9.62e-007, 6.48e-007, 9.16e-008, 1.7e-007, 2.17e-007, 3.48e-007, 4.47e-007, 1.16e-007, 6.28e-008, 2.6e-007, 1.69e-007, 4.5e-008, 8.57e-008, 8.52e-008, 4.32e-008, 3.54e-009, 1.8e-010, 1.51e-008, 1.12e-008, 7.57e-009, 7.14e-010, 2.77e-009, 1.84e-010, 2.19e-009, 1.67e-009, 3.32e-009, 2.85e-009, 1.32e-009, 1.16e-009, 1.89e-010, 4.39e-010, 1.7e-011, 4.68e-010, 1.96e-010, 2.73e-011, 4.47e-011, 9.07e-011, 8.69e-011, 1.23e-011, 1.33e-011, 2.3e-011, 1.35e-011, 6.31e-013, 8.41e-012, 1.94e-012, 4.47e-012, 2.44e-013, 3.15e-012, 3.16e-013, 4.52e-013, 1.18e-012, 5.97e-013, 5.25e-013, 5.97e-013, 5.07e-013, 6.25e-013, 5.31e-013, 5.39e-013, 5.45e-013, 5.23e-013, 5.28e-013, 5.21e-013, 5.19e-013, 5.16e-013, 5.14e-013, 5.13e-013
13:44:26, 1.31, 17.4, 42.6, 66.4, 71, 25.1, 2.73, 3.21, 3.13, 17.5, 9.13, 0.457, 1.69, 0.577, 1.57, 9.7, 6.71, 0.866, 0.487, 1.85, 8.72, 1.6, 1.35, 0.642, 0.237, 0.5, 0.848, 0.612, 4.04, 3.99, 0.779, 1.84, 1.2, 6.17, 4.22, 1.11, 0.204, 0.0801, 1.18, 0.937, 0.511, 0.969, 1.46, 0.172, 0.863, 1.89, 0.948, 0.387, 0.339, 1.56, 4.95, 0.763, 0.278, 0.076, 0.26, 0.234, 0.172, 1.1, 0.709, 0.24, 2.83, 1.85, 0.157, 1.34, 0.836, 0.23, 1.14, 0.63, 0.893, 0.535, 0.298, 0.965, 1.06, 0.296, 0.55, 1.75, 1.79, 0.696, 0.729, 2.33, 0.807, 0.117, 0.347, 0.345, 0.993, 0.172, 0.201, 0.584, 0.556, 0.223, 0.0164, 0.262, 0.225, 0.419, 1.24, 0.626, 0.607, 0.879, 0.00636, 11.9, 18, 0.835, 0.121, 0.177, 0.604, 0.659, 0.897, 0.954, 0.0644, 0.392, 0.625, 0.0103, 0.209, 0.237, 0.0928, 0.00903, 0.0862, 0.1, 0.0862, 0.00248, 0.181, 0.267, 0.234, 0.0289, 0.0548, 0.0384, 0.0191, 0.0467, 0.0289, 0.0175, 0.00626, 0.00479, 0.0222, 0.0202, 0.0268, 0.00687, 0.00118, 0.00562, 0.0128, 0.0264, 0.0285, 0.0132, 0.0055, 0.00168, 0.000109, 0.000412, 0.000624, 6.26e-005, 0.00243, 0.00838, 0.00243, 0.000955, 0.00201, 0.00176, 0.000439, 7.05e-005, 8.2e-005, 7.21e-005, 0.000467, 0.000283, 8.02e-005, 8.16e-005, 0.000105, 0.000128, 1.4e-007, 6.81e-005, 1.5e-005, 1.87e-006, 2.31e-006, 7.7e-006, 1.62e-005, 1.23e-006, 2.78e-007, 6.85e-006, 2.02e-005, 7.29e-007, 5.31e-005, 2.95e-005, 1.12e-005, 7.4e-006, 1.27e-005, 9.9e-006, 8.8e-007, 1.04e-007, 1.14e-006, 3.14e-006, 2.18e-006, 6.21e-007, 1.1e-007, 5.38e-007, 1.23e-006, 3.87e-007, 4.63e-008, 1.21e-007, 5.44e-007, 2.25e-007, 1.86e-007, 1.34e-007, 1.32e-008, 1.44e-007, 1.89e-007, 7.84e-008, 1.07e-007, 1.14e-007, 4.46e-008, 8.03e-010, 1.56e-009, 1.56e-008, 3.4e-010, 5.53e-009, 1.11e-009, 2.51e-009, 3.97e-010, 2.51e-009, 3.22e-009, 4.87e-009, 1.77e-009, 3.34e-010, 6.82e-010, 1.29e-012, 3.76e-010, 2.04e-010, 3.34e-010, 1.05e-010, 5.53e-012, 2.24e-011, 9.22e-011, 4.83e-011, 6.36e-012, 2.11e-011, 2.23e-011, 1.32e-012, 6.46e-012, 1e-012, 4.18e-012, 2.39e-012, 8.85e-014, 4.11e-013, 6.56e-013, 1.07e-013, 1.36e-014, 7.98e-014, 8.04e-014, 7.87e-014, 5.37e-014, 8.51e-014, 6.91e-014, 6.48e-014, 6.24e-014, 6.66e-014, 6.24e-014, 6.25e-014, 6.27e-014, 6.2e-014, 6.19e-014, 6.17e-014
13:44:26, 1.27, 18.3, 25.2, 26.3, 25.9, 14.2, 0.665, 3.56, 3.2, 23.9, 9.15, 0.112, 1.62, 0.741, 1.63, 8.31, 2.26, 2.15, 0.992, 2.41, 9.21, 0.521, 2.29, 1.19, 0.391, 0.0982, 0.477, 1.67, 2.77, 2.83, 0.0479, 2.67, 3.4, 6.06, 3, 0.73, 0.226, 0.0972, 1.03, 0.283, 0.457, 0.931, 0.743, 0.124, 0.505, 1.98, 1.99, 1.06, 0.404, 1.04, 3.43, 0.537, 0.146, 0.366, 0.272, 0.284, 0.606, 0.611, 0.307, 1.01, 3.93, 1.79, 0.0888, 0.525, 1.16, 0.553, 0.516, 0.0809, 0.286, 0.229, 0.224, 1.29, 0.585, 0.323, 0.562, 1.04, 0.971, 0.68, 0.382, 1.77, 1.04, 0.064, 0.252, 0.868, 0.921, 0.0172, 0.334, 0.876, 0.225, 0.22, 0.209, 0.111, 0.242, 0.222, 0.927, 0.374, 0.431, 0.213, 0.272, 12.7, 18.6, 1.56, 0.0354, 0.114, 0.834, 0.971, 1.15, 0.539, 0.125, 0.27, 0.421, 0.0821, 0.0894, 0.113, 0.118, 0.00191, 0.14, 0.0522, 0.0726, 0.09, 0.0645, 0.238, 0.289, 0.0776, 0.0578, 0.0204, 0.021, 0.0689, 0.0546, 0.0293, 0.0115, 0.00647, 0.0309, 0.0196, 0.013, 0.0025, 0.00014, 0.00482, 0.0138, 0.0356, 0.0217, 0.00678, 0.00885, 0.00355, 0.00117, 0.00121, 0.00046, 8.65e-005, 0.00339, 0.0121, 0.00454, 0.000802, 0.00065, 0.000747, 0.00015, 8.53e-006, 6.04e-005, 1.06e-006, 0.000325, 0.000428, 0.000171, 1.63e-005, 7.52e-005, 0.000122, 5.55e-005, 0.000101, 1.55e-005, 3.47e-006, 4.32e-007, 3.46e-006, 1.14e-005, 3.79e-006, 3.91e-007, 1.08e-005, 1.73e-005, 6.93e-006, 5.78e-005, 2.72e-005, 9.25e-006, 2.77e-005, 2.75e-005, 1.42e-005, 5.12e-007, 3.74e-007, 8.41e-007, 9.25e-007, 2.75e-007, 3.28e-007, 1.53e-008, 4.55e-007, 1.43e-006, 1.8e-007, 6.59e-008, 2.06e-007, 7.96e-007, 1.76e-007, 1.32e-007, 2.4e-007, 2.72e-008, 1.85e-007, 8.98e-008, 8.63e-008, 6.16e-008, 9.53e-008, 4.5e-008, 4.8e-010, 6.52e-009, 2.02e-008, 8.33e-009, 6.94e-009, 1.71e-009, 2.3e-009, 2.53e-009, 1.41e-009, 2.84e-009, 4.99e-009, 1.32e-009, 1.4e-010, 2.34e-010, 2.77e-010, 4.32e-010, 1.52e-010, 2.22e-010, 1.25e-010, 1.71e-011, 4.76e-011, 4.43e-011, 1.74e-011, 6.45e-013, 1.92e-011, 2.6e-011, 2.64e-012, 3.6e-012, 2.07e-013, 5.83e-012, 2.66e-013, 1.35e-013, 1.32e-014, 8.59e-013, 4.99e-014, 2.7e-013, 1.29e-013, 1.51e-013, 1.49e-013, 1.15e-013, 1.74e-013, 1.52e-013, 1.41e-013, 1.46e-013, 1.4e-013, 1.44e-013, 1.41e-013, 1.41e-013, 1.41e-013, 1.4e-013, 1.4e-013
13:44:27, 3.05, 16.2, 6.43, 5.94, 2.99, 8.73, 4.15, 2.62, 7.86, 28.6, 9.07, 0.427, 1.15, 0.749, 2.57, 7.3, 0.14, 2.52, 1.81, 4.69, 9.66, 2.79, 2.74, 1.9, 0.242, 0.0214, 0.301, 1.6, 1.15, 1.4, 1.9, 4.01, 2.42, 5.07, 1.61, 0.607, 0.0407, 0.354, 0.953, 0.114, 0.335, 0.632, 0.309, 0.566, 0.102, 1.67, 1.92, 1.39, 0.637, 1.55, 2.42, 0.333, 0.269, 0.526, 0.198, 0.18, 1.04, 0.35, 0.137, 1.33, 4.23, 2.33, 0.177, 0.177, 1.43, 0.518, 0.205, 0.191, 0.0876, 0.107, 0.195, 1.47, 0.217, 0.313, 0.125, 0.569, 0.187, 0.426, 0.0969, 0.96, 1.29, 0.0417, 0.298, 0.665, 1.14, 0.15, 0.192, 0.894, 0.486, 0.49, 0.717, 0.0362, 0.292, 0.00575, 0.534, 0.533, 0.497, 0.364, 0.628, 16.1, 19.1, 1.37, 0.0675, 0.304, 0.656, 0.686, 0.885, 0.211, 0.127, 0.197, 0.211, 0.273, 0.0742, 0.0872, 0.139, 0.0279, 0.221, 0.146, 0.138, 0.183, 0.00328, 0.149, 0.24, 0.0928, 0.0471, 0.0245, 0.0251, 0.0673, 0.0508, 0.0267, 0.0165, 0.017, 0.034, 0.00617, 0.00809, 0.00109, 0.00201, 0.00319, 0.00778, 0.0315, 0.0122, 0.00116, 0.00724, 0.00512, 0.00368, 0.00176, 0.000142, 0.000356, 0.00359, 0.0142, 0.00708, 0.000194, 0.000107, 0.000289, 3.35e-006, 4.47e-005, 2.33e-005, 1.91e-005, 0.00027, 0.000355, 0.00022, 4.19e-005, 5.76e-005, 5.6e-005, 0.000193, 0.000137, 1.72e-005, 3.92e-006, 6.06e-006, 2.09e-006, 1.04e-005, 1.44e-005, 4.24e-006, 8.88e-006, 1.41e-005, 1.35e-005, 6.16e-005, 4.86e-005, 2.3e-005, 4.22e-005, 3.29e-005, 1.55e-005, 1.59e-006, 9.03e-007, 3.34e-007, 4.02e-007, 1.38e-007, 5.86e-007, 5.06e-008, 5.54e-007, 1.19e-006, 3.6e-007, 1.47e-007, 4.18e-007, 6.95e-007, 3.87e-007, 1.63e-007, 1.58e-007, 2.2e-007, 3.75e-007, 4.38e-008, 8.38e-008, 6.8e-009, 5.79e-008, 4.7e-008, 1.81e-009, 6.58e-009, 2.96e-008, 2.17e-008, 9.3e-009, 3.41e-010, 3.41e-009, 3.52e-009, 4.77e-010, 1.51e-009, 3.07e-009, 1.63e-009, 3.67e-010, 7.02e-011, 8.21e-010, 3.71e-010, 3.2e-011, 8.7e-011, 1.86e-010, 7.36e-011, 4.15e-011, 1.56e-011, 3.35e-012, 3.72e-012, 9.75e-012, 2.75e-011, 7.62e-012, 4.34e-012, 1.55e-012, 5.06e-012, 4.15e-013, 4.74e-014, 4.64e-013, 1.8e-013, 1.22e-013, 2.29e-014, 5.45e-014, 4.11e-014, 2.12e-014, 3.65e-014, 3.25e-014, 2.12e-014, 2.48e-014, 2.46e-014, 1.96e-014, 1.98e-014, 1.84e-014, 1.78e-014, 1.72e-014, 1.67e-014, 1.65e-014
13:44:27, 3.56, 11.4, 4.37, 2.37, 0.528, 4.74, 4.44, 1.59, 10.6, 31.8, 9.19, 0.483, 0.985, 0.385, 3.91, 5.97, 2.08, 2.24, 1.38, 5.7, 8.39, 4.77, 2.9, 1.42, 0.278, 0.0658, 0.66, 0.372, 0.686, 0.81, 4.04, 4.52, 0.528, 3.76, 3.38, 1.61, 0.755, 1.7, 1.03, 0.0263, 0.77, 0.772, 0.476, 1.13, 0.131, 1.54, 0.725, 1.06, 0.759, 1.76, 2.11, 0.0084, 0.429, 0.321, 0.216, 0.182, 1.12, 0.491, 0.215, 0.62, 3.64, 2.77, 0.172, 0.145, 1.28, 0.835, 0.425, 0.468, 0.00374, 0.0953, 0.234, 1.64, 0.706, 0.408, 0.0779, 0.284, 0.0728, 0.455, 0.252, 0.193, 1.53, 0.509, 0.25, 0.283, 1.48, 0.487, 0.0445, 0.705, 0.783, 1.21, 1.35, 0.382, 0.376, 0.174, 0.226, 0.48, 0.756, 0.248, 1.2, 19.5, 19.5, 0.551, 0.232, 0.186, 0.556, 0.0798, 0.652, 0.0182, 0.0299, 0.123, 0.0328, 0.322, 0.242, 0.131, 0.0628, 0.164, 0.314, 0.179, 0.205, 0.224, 0.0409, 0.0753, 0.128, 0.0602, 0.0219, 0.053, 0.042, 0.0287, 0.0326, 0.00868, 0.0178, 0.0181, 0.0273, 0.0056, 0.00687, 0.0053, 0.00623, 0.00341, 0.0072, 0.0162, 0.00796, 0.00159, 0.00364, 0.00296, 0.00655, 0.00262, 0.000138, 0.000788, 0.00194, 0.0151, 0.00759, 7.41e-005, 8.06e-007, 0.000169, 8.52e-005, 0.000118, 3.51e-005, 1.95e-005, 0.000317, 0.00013, 0.000166, 0.000178, 8.18e-005, 5.2e-005, 0.000307, 0.000145, 1.1e-005, 5.97e-006, 1.39e-005, 1.07e-005, 2.66e-005, 3.73e-005, 1.16e-005, 1.46e-006, 1.63e-005, 2.42e-006, 6.43e-005, 7.73e-005, 4.45e-005, 3.07e-005, 2.23e-005, 1.33e-005, 2.12e-006, 9.86e-007, 6.45e-007, 7.1e-007, 1.09e-006, 1.03e-006, 4.01e-007, 7.19e-007, 6.3e-007, 5.6e-007, 3.1e-007, 3.49e-007, 4.14e-007, 5.03e-007, 1.46e-007, 4.26e-008, 4.33e-007, 6.87e-007, 2.28e-007, 7.73e-008, 3.25e-009, 2.73e-008, 4.93e-008, 2.51e-009, 8.58e-009, 3.53e-008, 2.23e-008, 8.77e-009, 2.67e-009, 6.13e-009, 2.05e-009, 4.1e-010, 1.46e-009, 1.19e-009, 1.13e-009, 9.55e-010, 5.09e-010, 1.23e-009, 3.08e-010, 2.84e-012, 1.48e-011, 2.41e-010, 1.47e-010, 1.37e-011, 9.51e-012, 3.14e-012, 8.18e-012, 4.64e-012, 2.65e-011, 1.01e-011, 2.45e-012, 2.95e-012, 5.72e-012, 7.38e-013, 3.74e-013, 3.94e-013, 3.13e-013, 6.83e-014, 5.1e-014, 1.13e-013, 5.55e-014, 3.23e-014, 1.11e-013, 5.33e-014, 7.13e-014, 5.06e-014, 5.9e-014, 5.57e-014, 5.69e-014, 5.53e-014, 5.5e-014, 5.45e-014, 5.42e-014, 5.4e-014
13:44:27, 2.23, 9.21, 6.11, 2.3, 1.58, 4.26, 1.74, 0.851, 6.81, 32.2, 11.6, 1.21, 2.46, 1.32, 3.33, 3.61, 5.83, 1.86, 0.287, 4.18, 5.33, 2.99, 2.37, 0.384, 0.646, 0.604, 1.73, 0.19, 1.43, 2.16, 3.6, 2.99, 1.35, 3.67, 5.13, 4.25, 4.01, 4.02, 1.45, 0.176, 1.11, 1.24, 1.01, 1.32, 1.08, 1.28, 0.0308, 0.492, 0.421, 1.11, 2.31, 0.401, 0.308, 0.11, 0.244, 0.356, 0.881, 0.611, 0.215, 0.136, 2.41, 2.56, 0.21, 0.104, 0.912, 1.43, 1.14, 0.888, 0.204, 0.24, 0.213, 1.87, 1.57, 0.754, 0.422, 0.114, 0.248, 0.745, 0.432, 0.178, 1.62, 1.18, 0.156, 0.21, 1.57, 1.07, 0.367, 0.456, 0.506, 2.01, 1.73, 0.593, 0.494, 0.474, 0.0216, 0.294, 0.578, 0.271, 1.26, 21.9, 20.5, 0.643, 0.144, 0.0813, 0.404, 0.152, 0.551, 0.0978, 0.0355, 0.109, 0.0275, 0.306, 0.405, 0.151, 0.00516, 0.313, 0.371, 0.0734, 0.183, 0.223, 0.0901, 0.0216, 0.0383, 0.0443, 0.0171, 0.0732, 0.0422, 0.0018, 0.0211, 0.00147, 0.0129, 0.00695, 0.0185, 0.00854, 0.00905, 0.0115, 0.00969, 0.00804, 0.0106, 0.00316, 0.00687, 0.00195, 0.00214, 0.000363, 0.00822, 0.00373, 0.000625, 0.000891, 0.000853, 0.0157, 0.00742, 7.61e-005, 1.44e-005, 0.000264, 0.000264, 0.000119, 8.38e-005, 7.85e-005, 0.000349, 4.86e-005, 0.000109, 0.000217, 0.000166, 0.000179, 0.000273, 0.000136, 2.2e-006, 7.78e-006, 9.95e-006, 3.84e-005, 6.85e-005, 5.51e-005, 1.49e-005, 2.32e-006, 1.97e-005, 5.41e-006, 6.17e-005, 7.1e-005, 4.14e-005, 1.27e-005, 8e-006, 7.77e-006, 1.46e-006, 4.66e-007, 1.45e-006, 2.03e-006, 1.9e-006, 9.72e-007, 9.49e-007, 6.31e-007, 1.24e-007, 5.24e-007, 2.88e-007, 1.59e-007, 1.14e-007, 3.97e-007, 1.13e-007, 2.15e-008, 3.86e-007, 1.04e-006, 4.99e-007, 7.12e-008, 4.13e-009, 2.15e-008, 4.32e-008, 7.57e-009, 1.33e-008, 2.76e-008, 1.43e-008, 3.09e-009, 9.31e-009, 1.09e-008, 1.48e-009, 9.38e-010, 2.47e-009, 6.86e-010, 8.53e-010, 1.03e-009, 1.09e-009, 1.47e-009, 2.8e-010, 9.45e-012, 5.17e-011, 2.4e-010, 1.46e-010, 1.9e-011, 1.19e-011, 2.35e-011, 1.94e-011, 8.34e-012, 2.81e-011, 3.73e-012, 4.48e-013, 4.24e-012, 3.1e-012, 1.89e-012, 1.8e-013, 2.51e-013, 3.53e-013, 5.81e-014, 1.62e-014, 1.89e-014, 1.24e-013, 1.81e-014, 4.63e-014, 2.7e-014, 2.41e-014, 1.77e-014, 2e-014, 1.73e-014, 1.45e-014, 1.35e-014, 1.27e-014, 1.18e-014, 1.13e-014, 1.09e-014
13:44:27, 1.01, 3.5, 3.73, 1.87, 0.951, 3.66, 1.67, 0.725, 4.68, 28.5, 12.7, 2.99, 4.88, 6.23, 3.7, 3.29, 8.49, 0.758, 0.162, 2.67, 1.48, 0.81, 1.31, 0.345, 0.996, 2.23, 3.34, 2.03, 2.72, 3.38, 1.75, 0.858, 3.17, 4.1, 3.25, 6.24, 7.83, 6.12, 1.52, 0.335, 1.13, 1.38, 0.809, 1.16, 1.76, 0.994, 0.129, 0.132, 0.123, 0.524, 2.53, 1.11, 0.25, 0.076, 0.208, 0.328, 0.574, 0.357, 0.133, 0.116, 1.2, 2.19, 0.161, 0.123, 0.452, 1.67, 1.3, 1.27, 0.834, 0.504, 0.639, 1.78, 1.37, 1.1, 0.712, 0.07, 0.382, 1.13, 0.385, 0.376, 1.75, 1.18, 0.172, 0.213, 1.3, 1.64, 0.935, 0.372, 0.358, 1.83, 1.58, 0.351, 0.456, 0.755, 0.122, 0.108, 0.305, 0.342, 1.19, 21.9, 22.6, 1.34, 0.00113, 0.0238, 0.488, 0.571, 0.441, 0.242, 0.14, 0.158, 0.116, 0.267, 0.348, 0.131, 0.0401, 0.4, 0.362, 0.000645, 0.0749, 0.184, 0.065, 0.00187, 0.0056, 0.0443, 0.0381, 0.0508, 0.0302, 0.00393, 0.02, 0.0153, 0.00734, 0.00266, 0.00895, 0.00565, 0.00768, 0.0166, 0.00674, 0.0107, 0.015, 0.000467, 0.00643, 6.48e-005, 0.00232, 0.00188, 0.00753, 0.00417, 0.000711, 0.000584, 0.00216, 0.0162, 0.00836, 2.56e-005, 0.000271, 0.000526, 0.000268, 8.09e-005, 8.79e-005, 0.0002, 0.000328, 0.000109, 0.0001, 8.69e-005, 0.000249, 0.000311, 0.000119, 0.000113, 2.69e-005, 1.17e-005, 9.98e-006, 6.48e-005, 0.000108, 4.99e-005, 9.66e-006, 1.43e-005, 2.29e-005, 2.25e-005, 4.78e-005, 3.71e-005, 1.54e-005, 8.13e-006, 4.25e-006, 2.69e-006, 3.86e-007, 2.13e-009, 2.23e-006, 3.61e-006, 1.5e-006, 5.24e-007, 9.1e-007, 5.41e-007, 5.46e-008, 3.15e-007, 7.84e-008, 6.41e-008, 2.98e-008, 1.8e-007, 1.4e-007, 3.73e-008, 2.16e-007, 1.29e-006, 5.74e-007, 4.41e-008, 5.18e-009, 2.69e-008, 2.77e-008, 1.15e-008, 1.52e-008, 1.26e-008, 7.04e-009, 3.95e-010, 1.57e-008, 1.41e-008, 3.19e-009, 1.69e-009, 2.54e-009, 1.44e-009, 1.37e-009, 3.34e-010, 1.36e-009, 1.51e-009, 1.78e-010, 3.61e-011, 1.23e-010, 2.17e-010, 5.57e-011, 4.8e-011, 1.89e-011, 4.74e-011, 3.45e-011, 3.09e-011, 2.23e-011, 1.91e-012, 2e-013, 1.82e-012, 1.27e-012, 2.47e-012, 5.18e-013, 3.51e-014, 3.75e-013, 2.05e-013, 2.83e-013, 7.11e-014, 3.61e-013, 1.26e-013, 2.25e-013, 1.96e-013, 1.38e-013, 1.87e-013, 1.64e-013, 1.61e-013, 1.67e-013, 1.63e-013, 1.63e-013, 1.62e-013, 1.62e-013, 1.62e-013
13:44:27, 1.92, 2.1, 1.37, 0.399, 0.3, 2.54, 4.78, 1.74, 7.72, 20.9, 9.24, 2.92, 5.69, 11.9, 8.32, 8.03, 8.85, 0.568, 1.04, 2.16, 0.0798, 0.422, 0.765, 1.35, 1.47, 2.65, 4.76, 4.41, 2.63, 2.81, 0.526, 0.0887, 3.1, 3.83, 0.614, 5.05, 7.82, 6.27, 1.16, 0.196, 0.883, 0.907, 0.243, 0.582, 1.41, 0.749, 0.2, 0.0727, 0.0776, 0.96, 2.42, 0.831, 0.441, 0.242, 0.0562, 0.129, 0.314, 0.038, 0.159, 0.0867, 0.521, 1.48, 0.575, 0.17, 0.408, 1.5, 0.433, 1.46, 1.11, 0.699, 1.12, 1.16, 0.501, 0.906, 0.654, 0.238, 0.671, 1.22, 0.25, 0.382, 1.59, 0.789, 0.106, 0.0836, 0.874, 1.65, 0.92, 0.491, 0.708, 0.981, 0.81, 0.294, 0.47, 0.799, 0.359, 0.136, 0.372, 0.35, 1.01, 19.6, 24.2, 1.92, 0.0577, 0.128, 0.644, 0.694, 0.231, 0.222, 0.281, 0.163, 0.0991, 0.182, 0.166, 0.0823, 0.0739, 0.431, 0.348, 0.0253, 0.0108, 0.105, 0.0351, 0.00102, 0.00543, 0.0452, 0.0289, 0.0233, 0.0191, 0.00785, 0.0265, 0.0261, 0.00608, 0.00575, 0.00236, 0.00247, 0.00179, 0.0202, 0.00265, 0.0116, 0.0163, 0.00561, 0.00717, 0.00223, 0.00292, 0.00219, 0.00651, 0.00353, 0.000183, 0.000493, 0.0024, 0.017, 0.0103, 0.000529, 0.000584, 0.000687, 0.000165, 4.2e-005, 3.06e-005, 0.000271, 0.000276, 8.18e-005, 0.000111, 1.21e-006, 0.000244, 0.00029, 2.66e-005, 7.25e-005, 9.97e-005, 3.2e-005, 2.38e-005, 4.85e-005, 0.000114, 4.29e-005, 4.19e-006, 2.77e-005, 1.74e-005, 2.51e-005, 2.28e-005, 1.37e-005, 6.99e-007, 1.38e-005, 6.28e-006, 7.3e-007, 1.65e-008, 4.33e-007, 3.14e-006, 3.68e-006, 6.55e-007, 9.21e-008, 4.15e-007, 5.73e-007, 1.95e-007, 1.25e-007, 1.05e-008, 5.05e-008, 5.22e-008, 5.86e-008, 9.31e-008, 6.76e-008, 2.38e-007, 1.29e-006, 4.98e-007, 6.66e-009, 2.52e-008, 3.55e-008, 1.05e-008, 9.26e-009, 7.75e-009, 6.06e-009, 2.64e-009, 8.38e-009, 1.58e-008, 1.17e-008, 4.58e-009, 2.13e-009, 1.34e-009, 1.69e-009, 2.13e-009, 2.17e-010, 1.32e-009, 1.14e-009, 1.49e-010, 2.77e-011, 2.26e-010, 1.67e-010, 1.14e-011, 3.19e-011, 2.31e-011, 4.32e-011, 4.3e-011, 4.84e-011, 1.23e-011, 4.09e-013, 3.37e-012, 4.78e-013, 1.18e-012, 2.23e-012, 4.33e-013, 3.6e-014, 3.42e-014, 2.19e-013, 7.81e-014, 1.81e-013, 5.61e-014, 8.19e-014, 1.09e-013, 5.77e-014, 7.69e-014, 5.14e-014, 6.6e-014, 6.16e-014, 6e-014, 5.98e-014, 5.92e-014, 5.88e-014, 5.84e-014, 5.83e-014
13:44:27, 0.414, 1.17, 0.61, 0.746, 0.952, 3.95, 6.82, 3.49, 7.17, 12.9, 3.81, 0.778, 4.43, 11, 15.2, 11.2, 6.47, 2.35, 2.87, 2.92, 0.668, 0.592, 0.771, 2.01, 1.7, 1.28, 4.28, 5.2, 1.05, 1.97, 0.824, 0.0637, 3.08, 2.8, 0.353, 2.57, 3.59, 4.98, 0.555, 0.0252, 0.542, 0.425, 0.00726, 0.106, 0.732, 0.619, 0.0985, 0.233, 0.228, 1.56, 2.13, 0.109, 0.668, 0.378, 0.00385, 0.00499, 0.196, 0.032, 0.186, 0.00354, 0.175, 0.788, 1.21, 0.364, 0.778, 1.11, 0.00739, 1.25, 0.715, 0.537, 1.04, 0.413, 0.0398, 0.521, 0.231, 0.484, 1, 0.877, 0.174, 0.29, 1.03, 0.546, 0.0179, 0.00571, 0.499, 1.09, 0.315, 0.615, 0.886, 0.309, 0.144, 0.623, 0.832, 0.534, 0.35, 0.408, 0.526, 0.81, 0.172, 18, 23, 2.07, 0.0596, 0.302, 0.616, 0.475, 0.0561, 0.0877, 0.334, 0.0981, 0.0262, 0.0912, 0.0189, 0.0836, 0.0691, 0.363, 0.303, 0.0832, 0.0294, 0.0559, 0.00949, 0.0103, 0.0189, 0.0383, 0.00729, 0.00524, 0.0139, 0.00131, 0.0383, 0.0243, 0.00281, 0.00728, 0.00238, 0.00234, 0.00371, 0.0197, 0.00773, 0.0129, 0.0133, 0.00697, 0.00817, 0.00684, 0.00355, 0.000389, 0.00509, 0.00301, 0.000195, 0.000436, 0.00151, 0.0161, 0.012, 0.000961, 0.000443, 0.000732, 0.000144, 3.57e-005, 3.05e-006, 0.000245, 0.000236, 1.08e-005, 9.64e-005, 2.04e-005, 0.000207, 0.00016, 2.71e-005, 7.07e-005, 0.000147, 6.26e-005, 3.19e-005, 1.38e-005, 8.22e-005, 4.83e-005, 1.14e-005, 2.85e-005, 6.6e-006, 1.54e-005, 4.71e-006, 7.62e-006, 6.01e-006, 1.33e-005, 8.52e-006, 9.4e-007, 4.95e-007, 1.81e-006, 4.46e-006, 1.84e-006, 3.27e-007, 2.74e-009, 1.05e-007, 5.28e-007, 1.91e-007, 3.51e-008, 6.78e-008, 7.85e-008, 2.01e-008, 3.03e-008, 2.13e-008, 1.19e-007, 3.65e-007, 1.02e-006, 4.39e-007, 7.01e-009, 3.15e-008, 3.88e-008, 9.52e-009, 9.53e-009, 8.16e-011, 1.16e-008, 8.56e-009, 1.67e-008, 9.77e-009, 5.35e-009, 3.7e-009, 1.11e-009, 6.09e-010, 6.63e-010, 2.73e-009, 1.16e-009, 1.09e-009, 5.41e-010, 1.73e-010, 3.09e-011, 2.35e-010, 2.16e-010, 3.35e-011, 9.21e-012, 1.76e-011, 2.25e-011, 2.81e-011, 4.14e-011, 6.71e-012, 2.38e-012, 5.29e-012, 2.75e-012, 2.18e-012, 2.18e-012, 6.13e-013, 1.44e-013, 1.31e-013, 2.18e-014, 1.88e-015, 1.01e-013, 3.92e-014, 1.62e-015, 1.6e-014, 5.63e-016, 1.34e-015, 1.59e-015, 1.68e-016, 6.67e-016, 2.36e-016, 3.03e-016, 2.28e-016, 1.93e-016, 1.67e-016, 1.51e-016
